
DETjin = [
    1    1    1    1    1    1    1    1    1    1  1.80064E+00 0.00765 
];


DETjout = [
    1    1    1    1    1    1    1    1    1    1 -1.95104E+00 0.00745 
];


DETjout_at_outer = [
    1    1    1    1    1    1    1    1    1    1 -9.33803E-02 0.01907 
];

