
DETjin = [
    1    1    1    1    1    1    1    1    1    1  3.55354E+18 0.00076 
];


DETjout = [
    1    1    1    1    1    1    1    1    1    1 -3.92260E+18 0.00075 
];


DETjout_at_outer = [
    1    1    1    1    1    1    1    1    1    1 -3.00173E+17 0.00147 
];

