
DETjin = [
    1    1    1    1    1    1    1    1    1    1  3.54478E+18 0.00068 
];


DETjout = [
    1    1    1    1    1    1    1    1    1    1 -3.91274E+18 0.00067 
];


DETjout_at_outer = [
    1    1    1    1    1    1    1    1    1    1 -2.99523E+17 0.00126 
];

