
DETjin = [
    1    1    1    1    1    1    1    1    1    1  3.55787E+18 0.00066 
];


DETjout = [
    1    1    1    1    1    1    1    1    1    1 -3.92818E+18 0.00067 
];


DETjout_at_outer = [
    1    1    1    1    1    1    1    1    1    1 -3.01064E+17 0.00132 
];

