
ZAI = [
922350
922380
666
0
];

NAMES = [
'U235            '
'U238            '
'lost            '
'total           '
];

i922350 = 1; iU235             = 1;
i922380 = 2; iU238             = 2;
iLOST    = 3;
iTOT     = 4;

MAT_un_VOLUME = [ 1.89961E+01 1.89961E+01 1.89961E+01 1.89961E+01 1.89961E+01 1.89961E+01 1.89961E+01 1.89961E+01 1.89961E+01 1.89961E+01 ];

MAT_un_BURNUP = [ 0.00000E+00 5.00080E-01 1.00016E+00 3.00044E+00 6.00094E+00 9.00141E+00 1.20019E+01 1.50023E+01 1.80029E+01 2.10034E+01 ];

MAT_un_ADENS = [
2.71675E-03 2.70156E-03 2.68649E-03 2.62731E-03 2.54162E-03 2.45925E-03 2.37974E-03 2.30291E-03 2.22859E-03 2.15656E-03 % U235
1.96965E-02 1.96895E-02 1.96825E-02 1.96541E-02 1.96107E-02 1.95663E-02 1.95208E-02 1.94744E-02 1.94269E-02 1.93785E-02 % U238
0.00000E+00 0.00000E+00 0.00000E+00 0.00000E+00 0.00000E+00 0.00000E+00 0.00000E+00 0.00000E+00 0.00000E+00 0.00000E+00 % lost data
6.72463E-02 6.72582E-02 6.72700E-02 6.73173E-02 6.73882E-02 6.74591E-02 6.75298E-02 6.76006E-02 6.76712E-02 6.77419E-02 % total
];

MAT_un_MDENS = [
1.06037E+00 1.05444E+00 1.04855E+00 1.02545E+00 9.92011E-01 9.59859E-01 9.28828E-01 8.98842E-01 8.69833E-01 8.41718E-01 % U235
7.78599E+00 7.78324E+00 7.78047E+00 7.76926E+00 7.75210E+00 7.73453E+00 7.71656E+00 7.69820E+00 7.67945E+00 7.66030E+00 % U238
0.00000E+00 0.00000E+00 0.00000E+00 0.00000E+00 0.00000E+00 0.00000E+00 0.00000E+00 0.00000E+00 0.00000E+00 0.00000E+00 % lost data
1.00000E+01 9.99999E+00 9.99998E+00 9.99993E+00 9.99987E+00 9.99981E+00 9.99975E+00 9.99970E+00 9.99965E+00 9.99961E+00 % total
];

MAT_un_A = [
1.61060E+06 1.60159E+06 1.59266E+06 1.55757E+06 1.50677E+06 1.45794E+06 1.41080E+06 1.36526E+06 1.32120E+06 1.27849E+06 % U235
1.83938E+06 1.83873E+06 1.83807E+06 1.83543E+06 1.83137E+06 1.82722E+06 1.82298E+06 1.81864E+06 1.81421E+06 1.80968E+06 % U238
0.00000E+00 0.00000E+00 0.00000E+00 0.00000E+00 0.00000E+00 0.00000E+00 0.00000E+00 0.00000E+00 0.00000E+00 0.00000E+00 % lost data
3.44998E+06 3.01412E+14 3.06479E+14 3.12819E+14 3.15038E+14 3.16727E+14 3.18414E+14 3.19762E+14 3.21056E+14 3.22445E+14 % total
];

MAT_un_H = [
1.20737E-06 1.20062E-06 1.19392E-06 1.16762E-06 1.12954E-06 1.09293E-06 1.05760E-06 1.02345E-06 9.90422E-07 9.58410E-07 % U235
1.25840E-06 1.25795E-06 1.25750E-06 1.25569E-06 1.25292E-06 1.25008E-06 1.24717E-06 1.24421E-06 1.24118E-06 1.23808E-06 % U238
0.00000E+00 0.00000E+00 0.00000E+00 0.00000E+00 0.00000E+00 0.00000E+00 0.00000E+00 0.00000E+00 0.00000E+00 0.00000E+00 % lost data
2.46577E-06 9.34187E+01 9.38038E+01 9.40045E+01 9.35432E+01 9.31364E+01 9.28101E+01 9.24760E+01 9.21889E+01 9.19432E+01 % total
];

MAT_un_SF = [
1.15963E-04 1.15315E-04 1.14671E-04 1.12145E-04 1.08488E-04 1.04972E-04 1.01578E-04 9.82986E-05 9.51261E-05 9.20515E-05 % U235
1.00430E+00 1.00395E+00 1.00359E+00 1.00214E+00 9.99930E-01 9.97663E-01 9.95345E-01 9.92977E-01 9.90559E-01 9.88088E-01 % U238
0.00000E+00 0.00000E+00 0.00000E+00 0.00000E+00 0.00000E+00 0.00000E+00 0.00000E+00 0.00000E+00 0.00000E+00 0.00000E+00 % lost data
1.00442E+00 1.10784E+00 1.42756E+00 5.39588E+00 3.43352E+01 1.43225E+02 4.13191E+02 9.31521E+02 1.76797E+03 2.99601E+03 % total
];

MAT_un_GSRC = [
2.03500E+06 2.02362E+06 2.01233E+06 1.96800E+06 1.90382E+06 1.84212E+06 1.78256E+06 1.72501E+06 1.66934E+06 1.61538E+06 % U235
1.62884E+05 1.62826E+05 1.62768E+05 1.62534E+05 1.62175E+05 1.61807E+05 1.61431E+05 1.61047E+05 1.60655E+05 1.60254E+05 % U238
0.00000E+00 0.00000E+00 0.00000E+00 0.00000E+00 0.00000E+00 0.00000E+00 0.00000E+00 0.00000E+00 0.00000E+00 0.00000E+00 % lost data
2.19789E+06 3.29645E+14 3.32542E+14 3.36307E+14 3.37449E+14 3.38822E+14 3.40492E+14 3.41877E+14 3.43235E+14 3.44693E+14 % total
];

MAT_un_ING_TOX = [
7.56981E-02 7.52749E-02 7.48549E-02 7.32059E-02 7.08184E-02 6.85231E-02 6.63078E-02 6.41672E-02 6.20962E-02 6.00892E-02 % U235
8.27720E-02 8.27428E-02 8.27133E-02 8.25942E-02 8.24118E-02 8.22250E-02 8.20339E-02 8.18387E-02 8.16394E-02 8.14358E-02 % U238
0.00000E+00 0.00000E+00 0.00000E+00 0.00000E+00 0.00000E+00 0.00000E+00 0.00000E+00 0.00000E+00 0.00000E+00 0.00000E+00 % lost data
1.58470E-01 1.26390E+05 1.34290E+05 1.45801E+05 1.53275E+05 1.58848E+05 1.63833E+05 1.68539E+05 1.73235E+05 1.78054E+05 % total
];

MAT_un_INH_TOX = [
1.36901E+01 1.36135E+01 1.35376E+01 1.32394E+01 1.28076E+01 1.23925E+01 1.19918E+01 1.16047E+01 1.12302E+01 1.08672E+01 % U235
1.47150E+01 1.47098E+01 1.47046E+01 1.46834E+01 1.46510E+01 1.46178E+01 1.45838E+01 1.45491E+01 1.45137E+01 1.44775E+01 % U238
0.00000E+00 0.00000E+00 0.00000E+00 0.00000E+00 0.00000E+00 0.00000E+00 0.00000E+00 0.00000E+00 0.00000E+00 0.00000E+00 % lost data
2.84051E+01 1.60325E+05 2.13317E+05 3.50958E+05 5.35115E+05 7.62056E+05 1.06232E+06 1.45348E+06 1.94440E+06 2.54906E+06 % total
];

TOT_VOLUME = [ 1.89961E+01 1.89961E+01 1.89961E+01 1.89961E+01 1.89961E+01 1.89961E+01 1.89961E+01 1.89961E+01 1.89961E+01 1.89961E+01 ];

TOT_BURNUP = [ 0.00000E+00 5.00080E-01 1.00016E+00 3.00044E+00 6.00094E+00 9.00141E+00 1.20019E+01 1.50023E+01 1.80029E+01 2.10034E+01 ];

TOT_ADENS = [
2.71675E-03 2.70156E-03 2.68649E-03 2.62731E-03 2.54162E-03 2.45925E-03 2.37974E-03 2.30291E-03 2.22859E-03 2.15656E-03 % U235
1.96965E-02 1.96895E-02 1.96825E-02 1.96541E-02 1.96107E-02 1.95663E-02 1.95208E-02 1.94744E-02 1.94269E-02 1.93785E-02 % U238
0.00000E+00 0.00000E+00 0.00000E+00 0.00000E+00 0.00000E+00 0.00000E+00 0.00000E+00 0.00000E+00 0.00000E+00 0.00000E+00 % lost data
6.72463E-02 6.72582E-02 6.72700E-02 6.73173E-02 6.73882E-02 6.74591E-02 6.75298E-02 6.76006E-02 6.76712E-02 6.77419E-02 % total
];

TOT_MASS = [
2.01428E+01 2.00302E+01 1.99184E+01 1.94796E+01 1.88443E+01 1.82336E+01 1.76441E+01 1.70745E+01 1.65234E+01 1.59894E+01 % U235
1.47903E+02 1.47851E+02 1.47798E+02 1.47586E+02 1.47260E+02 1.46926E+02 1.46585E+02 1.46236E+02 1.45880E+02 1.45516E+02 % U238
0.00000E+00 0.00000E+00 0.00000E+00 0.00000E+00 0.00000E+00 0.00000E+00 0.00000E+00 0.00000E+00 0.00000E+00 0.00000E+00 % lost data
1.89961E+02 1.89961E+02 1.89961E+02 1.89960E+02 1.89958E+02 1.89957E+02 1.89956E+02 1.89955E+02 1.89954E+02 1.89954E+02 % total
];

TOT_A = [
1.61060E+06 1.60159E+06 1.59266E+06 1.55757E+06 1.50677E+06 1.45794E+06 1.41080E+06 1.36526E+06 1.32120E+06 1.27849E+06 % U235
1.83938E+06 1.83873E+06 1.83807E+06 1.83543E+06 1.83137E+06 1.82722E+06 1.82298E+06 1.81864E+06 1.81421E+06 1.80968E+06 % U238
0.00000E+00 0.00000E+00 0.00000E+00 0.00000E+00 0.00000E+00 0.00000E+00 0.00000E+00 0.00000E+00 0.00000E+00 0.00000E+00 % lost data
3.44998E+06 3.01412E+14 3.06479E+14 3.12819E+14 3.15038E+14 3.16727E+14 3.18414E+14 3.19762E+14 3.21056E+14 3.22445E+14 % total
];

TOT_H = [
1.20737E-06 1.20062E-06 1.19392E-06 1.16762E-06 1.12954E-06 1.09293E-06 1.05760E-06 1.02345E-06 9.90422E-07 9.58410E-07 % U235
1.25840E-06 1.25795E-06 1.25750E-06 1.25569E-06 1.25292E-06 1.25008E-06 1.24717E-06 1.24421E-06 1.24118E-06 1.23808E-06 % U238
0.00000E+00 0.00000E+00 0.00000E+00 0.00000E+00 0.00000E+00 0.00000E+00 0.00000E+00 0.00000E+00 0.00000E+00 0.00000E+00 % lost data
2.46577E-06 9.34187E+01 9.38038E+01 9.40045E+01 9.35432E+01 9.31364E+01 9.28101E+01 9.24760E+01 9.21889E+01 9.19432E+01 % total
];

TOT_SF = [
1.15963E-04 1.15315E-04 1.14671E-04 1.12145E-04 1.08488E-04 1.04972E-04 1.01578E-04 9.82986E-05 9.51261E-05 9.20515E-05 % U235
1.00430E+00 1.00395E+00 1.00359E+00 1.00214E+00 9.99930E-01 9.97663E-01 9.95345E-01 9.92977E-01 9.90559E-01 9.88088E-01 % U238
0.00000E+00 0.00000E+00 0.00000E+00 0.00000E+00 0.00000E+00 0.00000E+00 0.00000E+00 0.00000E+00 0.00000E+00 0.00000E+00 % lost data
1.00442E+00 1.10784E+00 1.42756E+00 5.39588E+00 3.43352E+01 1.43225E+02 4.13191E+02 9.31521E+02 1.76797E+03 2.99601E+03 % total
];

