
ZAI = [
922350
922380
666
0
];

NAMES = [
'U235            '
'U238            '
'lost            '
'total           '
];

i922350 = 1; iU235             = 1;
i922380 = 2; iU238             = 2;
iLOST    = 3;
iTOT     = 4;

MAT_un_VOLUME = [ 1.94912E+05 1.94912E+05 1.94912E+05 1.94912E+05 1.94912E+05 1.94912E+05 1.94912E+05 1.94912E+05 1.94912E+05 1.94912E+05 1.94912E+05 1.94912E+05 ];

MAT_un_BURNUP = [ 0.00000E+00 7.84132E+00 1.56826E+01 2.35239E+01 3.13653E+01 3.92067E+01 4.70481E+01 5.48896E+01 6.27311E+01 7.05726E+01 7.84141E+01 8.62558E+01 ];

MAT_un_ADENS = [
2.93409E-03 2.68828E-03 2.46406E-03 2.25655E-03 2.06364E-03 1.88398E-03 1.71660E-03 1.56074E-03 1.41582E-03 1.28129E-03 1.15671E-03 1.04167E-03 % U235
2.12722E-02 2.11582E-02 2.10382E-02 2.09128E-02 2.07823E-02 2.06470E-02 2.05072E-02 2.03629E-02 2.02143E-02 2.00616E-02 1.99047E-02 1.97439E-02 % U238
0.00000E+00 0.00000E+00 0.00000E+00 0.00000E+00 0.00000E+00 0.00000E+00 0.00000E+00 0.00000E+00 0.00000E+00 0.00000E+00 0.00000E+00 0.00000E+00 % lost data
7.26261E-02 7.28269E-02 7.30265E-02 7.32257E-02 7.34249E-02 7.36241E-02 7.38235E-02 7.40232E-02 7.42234E-02 7.44242E-02 7.46256E-02 7.48277E-02 % total
];

MAT_un_MDENS = [
1.14519E+00 1.04925E+00 9.61737E-01 8.80744E-01 8.05453E-01 7.35330E-01 6.69998E-01 6.09167E-01 5.52603E-01 5.00097E-01 4.51472E-01 4.06570E-01 % U235
8.40887E+00 8.36383E+00 8.31638E+00 8.26680E+00 8.21521E+00 8.16174E+00 8.10648E+00 8.04944E+00 7.99071E+00 7.93032E+00 7.86832E+00 7.80473E+00 % U238
0.00000E+00 0.00000E+00 0.00000E+00 0.00000E+00 0.00000E+00 0.00000E+00 0.00000E+00 0.00000E+00 0.00000E+00 0.00000E+00 0.00000E+00 0.00000E+00 % lost data
1.08000E+01 1.07997E+01 1.07995E+01 1.07993E+01 1.07991E+01 1.07990E+01 1.07988E+01 1.07987E+01 1.07986E+01 1.07986E+01 1.07985E+01 1.07985E+01 % total
];

MAT_un_A = [
1.78479E+10 1.63526E+10 1.49887E+10 1.37264E+10 1.25530E+10 1.14601E+10 1.04419E+10 9.49387E+09 8.61233E+09 7.79401E+09 7.03620E+09 6.33640E+09 % U235
2.03831E+10 2.02739E+10 2.01589E+10 2.00387E+10 1.99137E+10 1.97841E+10 1.96501E+10 1.95118E+10 1.93695E+10 1.92231E+10 1.90728E+10 1.89187E+10 % U238
0.00000E+00 0.00000E+00 0.00000E+00 0.00000E+00 0.00000E+00 0.00000E+00 0.00000E+00 0.00000E+00 0.00000E+00 0.00000E+00 0.00000E+00 0.00000E+00 % lost data
3.82310E+10 4.34080E+18 4.35793E+18 4.39871E+18 4.43849E+18 4.47881E+18 4.52123E+18 4.56402E+18 4.60927E+18 4.65361E+18 4.69876E+18 4.74316E+18 % total
];

MAT_un_H = [
1.33795E-02 1.22586E-02 1.12361E-02 1.02899E-02 9.41023E-03 8.59097E-03 7.82769E-03 7.11699E-03 6.45615E-03 5.84270E-03 5.27462E-03 4.75002E-03 % U235
1.39449E-02 1.38702E-02 1.37915E-02 1.37093E-02 1.36238E-02 1.35351E-02 1.34435E-02 1.33489E-02 1.32515E-02 1.31513E-02 1.30485E-02 1.29431E-02 % U238
0.00000E+00 0.00000E+00 0.00000E+00 0.00000E+00 0.00000E+00 0.00000E+00 0.00000E+00 0.00000E+00 0.00000E+00 0.00000E+00 0.00000E+00 0.00000E+00 % lost data
2.73244E-02 1.29891E+06 1.27970E+06 1.27280E+06 1.26749E+06 1.26385E+06 1.26173E+06 1.26043E+06 1.26045E+06 1.26081E+06 1.26193E+06 1.26327E+06 % total
];

MAT_un_SF = [
1.28505E+00 1.17739E+00 1.07918E+00 9.88301E-01 9.03815E-01 8.25129E-01 7.51818E-01 6.83559E-01 6.20087E-01 5.61169E-01 5.06606E-01 4.56221E-01 % U235
1.11292E+04 1.10696E+04 1.10068E+04 1.09411E+04 1.08729E+04 1.08021E+04 1.07290E+04 1.06535E+04 1.05757E+04 1.04958E+04 1.04137E+04 1.03296E+04 % U238
0.00000E+00 0.00000E+00 0.00000E+00 0.00000E+00 0.00000E+00 0.00000E+00 0.00000E+00 0.00000E+00 0.00000E+00 0.00000E+00 0.00000E+00 0.00000E+00 % lost data
1.11305E+04 6.50128E+05 8.06943E+06 3.33627E+07 8.52394E+07 1.69670E+08 2.92020E+08 4.57597E+08 6.72759E+08 9.42961E+08 1.27592E+09 1.67702E+09 % total
];

MAT_un_GSRC = [
2.25509E+10 2.06616E+10 1.89383E+10 1.73434E+10 1.58608E+10 1.44799E+10 1.31934E+10 1.19956E+10 1.08817E+10 9.84778E+09 8.89028E+09 8.00608E+09 % U235
1.80500E+09 1.79533E+09 1.78514E+09 1.77450E+09 1.76343E+09 1.75195E+09 1.74009E+09 1.72784E+09 1.71524E+09 1.70227E+09 1.68897E+09 1.67532E+09 % U238
0.00000E+00 0.00000E+00 0.00000E+00 0.00000E+00 0.00000E+00 0.00000E+00 0.00000E+00 0.00000E+00 0.00000E+00 0.00000E+00 0.00000E+00 0.00000E+00 % lost data
2.43559E+10 4.74357E+18 4.74736E+18 4.78419E+18 4.82013E+18 4.85573E+18 4.89271E+18 4.92939E+18 4.96818E+18 5.00561E+18 5.04353E+18 5.08041E+18 % total
];

MAT_un_ING_TOX = [
8.38850E+02 7.68571E+02 7.04468E+02 6.45141E+02 5.89991E+02 5.38626E+02 4.90770E+02 4.46212E+02 4.04779E+02 3.66318E+02 3.30701E+02 2.97811E+02 % U235
9.17239E+02 9.12326E+02 9.07150E+02 9.01742E+02 8.96114E+02 8.90282E+02 8.84254E+02 8.78033E+02 8.71626E+02 8.65038E+02 8.58276E+02 8.51340E+02 % U238
0.00000E+00 0.00000E+00 0.00000E+00 0.00000E+00 0.00000E+00 0.00000E+00 0.00000E+00 0.00000E+00 0.00000E+00 0.00000E+00 0.00000E+00 0.00000E+00 % lost data
1.75609E+03 2.13374E+09 2.27453E+09 2.41679E+09 2.56596E+09 2.72654E+09 2.90069E+09 3.08827E+09 3.29058E+09 3.50620E+09 3.73589E+09 3.97811E+09 % total
];

MAT_un_INH_TOX = [
1.51707E+05 1.38997E+05 1.27404E+05 1.16674E+05 1.06700E+05 9.74110E+04 8.87563E+04 8.06979E+04 7.32048E+04 6.62491E+04 5.98077E+04 5.38594E+04 % U235
1.63065E+05 1.62191E+05 1.61271E+05 1.60310E+05 1.59309E+05 1.58272E+05 1.57201E+05 1.56095E+05 1.54956E+05 1.53785E+05 1.52582E+05 1.51349E+05 % U238
0.00000E+00 0.00000E+00 0.00000E+00 0.00000E+00 0.00000E+00 0.00000E+00 0.00000E+00 0.00000E+00 0.00000E+00 0.00000E+00 0.00000E+00 0.00000E+00 % lost data
3.14772E+05 7.63776E+09 1.59266E+10 3.01078E+10 5.13457E+10 8.02227E+10 1.17136E+11 1.62283E+11 2.15710E+11 2.77324E+11 3.47020E+11 4.24452E+11 % total
];

TOT_VOLUME = [ 1.94912E+05 1.94912E+05 1.94912E+05 1.94912E+05 1.94912E+05 1.94912E+05 1.94912E+05 1.94912E+05 1.94912E+05 1.94912E+05 1.94912E+05 1.94912E+05 ];

TOT_BURNUP = [ 0.00000E+00 7.84132E+00 1.56826E+01 2.35239E+01 3.13653E+01 3.92067E+01 4.70481E+01 5.48896E+01 6.27311E+01 7.05726E+01 7.84141E+01 8.62558E+01 ];

TOT_ADENS = [
2.93409E-03 2.68828E-03 2.46406E-03 2.25655E-03 2.06364E-03 1.88398E-03 1.71660E-03 1.56074E-03 1.41582E-03 1.28129E-03 1.15671E-03 1.04167E-03 % U235
2.12722E-02 2.11582E-02 2.10382E-02 2.09128E-02 2.07823E-02 2.06470E-02 2.05072E-02 2.03629E-02 2.02143E-02 2.00616E-02 1.99047E-02 1.97439E-02 % U238
0.00000E+00 0.00000E+00 0.00000E+00 0.00000E+00 0.00000E+00 0.00000E+00 0.00000E+00 0.00000E+00 0.00000E+00 0.00000E+00 0.00000E+00 0.00000E+00 % lost data
7.26261E-02 7.28269E-02 7.30265E-02 7.32257E-02 7.34249E-02 7.36241E-02 7.38235E-02 7.40232E-02 7.42234E-02 7.44242E-02 7.46256E-02 7.48277E-02 % total
];

TOT_MASS = [
2.23213E+05 2.04512E+05 1.87454E+05 1.71668E+05 1.56993E+05 1.43325E+05 1.30591E+05 1.18734E+05 1.07709E+05 9.74751E+04 8.79976E+04 7.92456E+04 % U235
1.63899E+06 1.63021E+06 1.62096E+06 1.61130E+06 1.60125E+06 1.59082E+06 1.58005E+06 1.56894E+06 1.55749E+06 1.54572E+06 1.53363E+06 1.52124E+06 % U238
0.00000E+00 0.00000E+00 0.00000E+00 0.00000E+00 0.00000E+00 0.00000E+00 0.00000E+00 0.00000E+00 0.00000E+00 0.00000E+00 0.00000E+00 0.00000E+00 % lost data
2.10505E+06 2.10500E+06 2.10496E+06 2.10492E+06 2.10488E+06 2.10485E+06 2.10483E+06 2.10481E+06 2.10479E+06 2.10478E+06 2.10477E+06 2.10477E+06 % total
];

TOT_A = [
1.78479E+10 1.63526E+10 1.49887E+10 1.37264E+10 1.25530E+10 1.14601E+10 1.04419E+10 9.49387E+09 8.61233E+09 7.79401E+09 7.03620E+09 6.33640E+09 % U235
2.03831E+10 2.02739E+10 2.01589E+10 2.00387E+10 1.99137E+10 1.97841E+10 1.96501E+10 1.95118E+10 1.93695E+10 1.92231E+10 1.90728E+10 1.89187E+10 % U238
0.00000E+00 0.00000E+00 0.00000E+00 0.00000E+00 0.00000E+00 0.00000E+00 0.00000E+00 0.00000E+00 0.00000E+00 0.00000E+00 0.00000E+00 0.00000E+00 % lost data
3.82310E+10 4.34080E+18 4.35793E+18 4.39871E+18 4.43849E+18 4.47881E+18 4.52123E+18 4.56402E+18 4.60927E+18 4.65361E+18 4.69876E+18 4.74316E+18 % total
];

