
ZAI = [
922350
922380
666
0
];

NAMES = [
'U235            '
'U238            '
'lost            '
'total           '
];

i922350 = 1; iU235             = 1;
i922380 = 2; iU238             = 2;
iLOST    = 3;
iTOT     = 4;

MAT_un_VOLUME = [ 2.59723E+05 2.59723E+05 2.59723E+05 2.59723E+05 2.59723E+05 2.59723E+05 2.59723E+05 2.59723E+05 2.59723E+05 2.59723E+05 2.59723E+05 2.59723E+05 ];

MAT_un_BURNUP = [ 0.00000E+00 2.94230E+00 5.88461E+00 8.82691E+00 1.17692E+01 1.47115E+01 1.76538E+01 2.05962E+01 2.35385E+01 2.64808E+01 2.94231E+01 3.23655E+01 ];

MAT_un_ADENS = [
2.93409E-03 2.83923E-03 2.74794E-03 2.65976E-03 2.57438E-03 2.49157E-03 2.41115E-03 2.33296E-03 2.25689E-03 2.18286E-03 2.11077E-03 2.04054E-03 % U235
2.12722E-02 2.12294E-02 2.11858E-02 2.11413E-02 2.10960E-02 2.10499E-02 2.10031E-02 2.09554E-02 2.09070E-02 2.08579E-02 2.08080E-02 2.07575E-02 % U238
0.00000E+00 0.00000E+00 0.00000E+00 0.00000E+00 0.00000E+00 0.00000E+00 0.00000E+00 0.00000E+00 0.00000E+00 0.00000E+00 0.00000E+00 0.00000E+00 % lost data
7.26261E-02 7.27012E-02 7.27762E-02 7.28512E-02 7.29261E-02 7.30009E-02 7.30758E-02 7.31506E-02 7.32255E-02 7.33004E-02 7.33754E-02 7.34504E-02 % total
];

MAT_un_MDENS = [
1.14519E+00 1.10817E+00 1.07254E+00 1.03812E+00 1.00480E+00 9.72477E-01 9.41085E-01 9.10568E-01 8.80880E-01 8.51983E-01 8.23846E-01 7.96437E-01 % U235
8.40887E+00 8.39197E+00 8.37471E+00 8.35713E+00 8.33922E+00 8.32101E+00 8.30249E+00 8.28367E+00 8.26453E+00 8.24511E+00 8.22539E+00 8.20540E+00 % U238
0.00000E+00 0.00000E+00 0.00000E+00 0.00000E+00 0.00000E+00 0.00000E+00 0.00000E+00 0.00000E+00 0.00000E+00 0.00000E+00 0.00000E+00 0.00000E+00 % lost data
1.08000E+01 1.07999E+01 1.07998E+01 1.07997E+01 1.07996E+01 1.07995E+01 1.07995E+01 1.07994E+01 1.07993E+01 1.07992E+01 1.07992E+01 1.07991E+01 % total
];

MAT_un_A = [
2.37824E+10 2.30135E+10 2.22736E+10 2.15588E+10 2.08668E+10 2.01956E+10 1.95437E+10 1.89099E+10 1.82934E+10 1.76933E+10 1.71089E+10 1.65397E+10 % U235
2.71606E+10 2.71061E+10 2.70503E+10 2.69935E+10 2.69357E+10 2.68769E+10 2.68171E+10 2.67562E+10 2.66944E+10 2.66317E+10 2.65680E+10 2.65034E+10 % U238
0.00000E+00 0.00000E+00 0.00000E+00 0.00000E+00 0.00000E+00 0.00000E+00 0.00000E+00 0.00000E+00 0.00000E+00 0.00000E+00 0.00000E+00 0.00000E+00 % lost data
5.09431E+10 2.16637E+18 2.17682E+18 2.18509E+18 2.19305E+18 2.20148E+18 2.20972E+18 2.21864E+18 2.22822E+18 2.23764E+18 2.24729E+18 2.25689E+18 % total
];

MAT_un_H = [
1.78283E-02 1.72519E-02 1.66972E-02 1.61614E-02 1.56426E-02 1.51394E-02 1.46507E-02 1.41756E-02 1.37135E-02 1.32636E-02 1.28255E-02 1.23988E-02 % U235
1.85817E-02 1.85444E-02 1.85063E-02 1.84674E-02 1.84278E-02 1.83876E-02 1.83467E-02 1.83051E-02 1.82628E-02 1.82199E-02 1.81763E-02 1.81321E-02 % U238
0.00000E+00 0.00000E+00 0.00000E+00 0.00000E+00 0.00000E+00 0.00000E+00 0.00000E+00 0.00000E+00 0.00000E+00 0.00000E+00 0.00000E+00 0.00000E+00 % lost data
3.64100E-02 6.52987E+05 6.49647E+05 6.47079E+05 6.44831E+05 6.42982E+05 6.41374E+05 6.40058E+05 6.39032E+05 6.38179E+05 6.37505E+05 6.36991E+05 % total
];

MAT_un_SF = [
1.71234E+00 1.65698E+00 1.60370E+00 1.55223E+00 1.50241E+00 1.45408E+00 1.40714E+00 1.36151E+00 1.31712E+00 1.27391E+00 1.23184E+00 1.19086E+00 % U235
1.48297E+04 1.47999E+04 1.47695E+04 1.47385E+04 1.47069E+04 1.46748E+04 1.46421E+04 1.46089E+04 1.45752E+04 1.45409E+04 1.45061E+04 1.44709E+04 % U238
0.00000E+00 0.00000E+00 0.00000E+00 0.00000E+00 0.00000E+00 0.00000E+00 0.00000E+00 0.00000E+00 0.00000E+00 0.00000E+00 0.00000E+00 0.00000E+00 % lost data
1.48314E+04 7.37422E+04 4.71979E+05 1.86600E+06 5.07963E+06 1.08939E+07 1.99517E+07 3.27608E+07 4.97396E+07 7.11329E+07 9.72682E+07 1.28141E+08 % total
];

MAT_un_GSRC = [
3.00493E+10 2.90778E+10 2.81428E+10 2.72397E+10 2.63654E+10 2.55172E+10 2.46935E+10 2.38928E+10 2.31138E+10 2.23555E+10 2.16172E+10 2.08981E+10 % U235
2.40517E+09 2.40034E+09 2.39540E+09 2.39037E+09 2.38525E+09 2.38004E+09 2.37475E+09 2.36936E+09 2.36389E+09 2.35833E+09 2.35269E+09 2.34698E+09 % U238
0.00000E+00 0.00000E+00 0.00000E+00 0.00000E+00 0.00000E+00 0.00000E+00 0.00000E+00 0.00000E+00 0.00000E+00 0.00000E+00 0.00000E+00 0.00000E+00 % lost data
3.24544E+10 2.36617E+18 2.36913E+18 2.37443E+18 2.38038E+18 2.38700E+18 2.39329E+18 2.40028E+18 2.40790E+18 2.41517E+18 2.42258E+18 2.42985E+18 % total
];

MAT_un_ING_TOX = [
1.11777E+03 1.08164E+03 1.04686E+03 1.01326E+03 9.80740E+02 9.49192E+02 9.18552E+02 8.88766E+02 8.59789E+02 8.31583E+02 8.04120E+02 7.77367E+02 % U235
1.22223E+03 1.21977E+03 1.21726E+03 1.21471E+03 1.21211E+03 1.20946E+03 1.20677E+03 1.20403E+03 1.20125E+03 1.19843E+03 1.19556E+03 1.19266E+03 % U238
0.00000E+00 0.00000E+00 0.00000E+00 0.00000E+00 0.00000E+00 0.00000E+00 0.00000E+00 0.00000E+00 0.00000E+00 0.00000E+00 0.00000E+00 0.00000E+00 % lost data
2.34000E+03 1.05589E+09 1.11505E+09 1.16369E+09 1.21076E+09 1.25832E+09 1.30665E+09 1.35658E+09 1.40840E+09 1.46197E+09 1.51783E+09 1.57596E+09 % total
];

MAT_un_INH_TOX = [
2.02151E+05 1.95615E+05 1.89325E+05 1.83250E+05 1.77368E+05 1.71662E+05 1.66121E+05 1.60734E+05 1.55494E+05 1.50393E+05 1.45426E+05 1.40588E+05 % U235
2.17285E+05 2.16849E+05 2.16402E+05 2.15948E+05 2.15486E+05 2.15015E+05 2.14536E+05 2.14050E+05 2.13556E+05 2.13054E+05 2.12544E+05 2.12028E+05 % U238
0.00000E+00 0.00000E+00 0.00000E+00 0.00000E+00 0.00000E+00 0.00000E+00 0.00000E+00 0.00000E+00 0.00000E+00 0.00000E+00 0.00000E+00 0.00000E+00 % lost data
4.19436E+05 3.41334E+09 5.49030E+09 8.20530E+09 1.18806E+10 1.67139E+10 2.28522E+10 3.04134E+10 3.95029E+10 5.01959E+10 6.25780E+10 7.66818E+10 % total
];

TOT_VOLUME = [ 2.59723E+05 2.59723E+05 2.59723E+05 2.59723E+05 2.59723E+05 2.59723E+05 2.59723E+05 2.59723E+05 2.59723E+05 2.59723E+05 2.59723E+05 2.59723E+05 ];

TOT_BURNUP = [ 0.00000E+00 2.94230E+00 5.88461E+00 8.82691E+00 1.17692E+01 1.47115E+01 1.76538E+01 2.05962E+01 2.35385E+01 2.64808E+01 2.94231E+01 3.23655E+01 ];

TOT_ADENS = [
2.93409E-03 2.83923E-03 2.74794E-03 2.65976E-03 2.57438E-03 2.49157E-03 2.41115E-03 2.33296E-03 2.25689E-03 2.18286E-03 2.11077E-03 2.04054E-03 % U235
2.12722E-02 2.12294E-02 2.11858E-02 2.11413E-02 2.10960E-02 2.10499E-02 2.10031E-02 2.09554E-02 2.09070E-02 2.08579E-02 2.08080E-02 2.07575E-02 % U238
0.00000E+00 0.00000E+00 0.00000E+00 0.00000E+00 0.00000E+00 0.00000E+00 0.00000E+00 0.00000E+00 0.00000E+00 0.00000E+00 0.00000E+00 0.00000E+00 % lost data
7.26261E-02 7.27012E-02 7.27762E-02 7.28512E-02 7.29261E-02 7.30009E-02 7.30758E-02 7.31506E-02 7.32255E-02 7.33004E-02 7.33754E-02 7.34504E-02 % total
];

TOT_MASS = [
2.97433E+05 2.87817E+05 2.78562E+05 2.69623E+05 2.60969E+05 2.52574E+05 2.44421E+05 2.36495E+05 2.28784E+05 2.21279E+05 2.13971E+05 2.06853E+05 % U235
2.18397E+06 2.17958E+06 2.17510E+06 2.17053E+06 2.16588E+06 2.16115E+06 2.15634E+06 2.15146E+06 2.14649E+06 2.14144E+06 2.13632E+06 2.13113E+06 % U238
0.00000E+00 0.00000E+00 0.00000E+00 0.00000E+00 0.00000E+00 0.00000E+00 0.00000E+00 0.00000E+00 0.00000E+00 0.00000E+00 0.00000E+00 0.00000E+00 % lost data
2.80500E+06 2.80498E+06 2.80495E+06 2.80493E+06 2.80491E+06 2.80488E+06 2.80486E+06 2.80484E+06 2.80482E+06 2.80481E+06 2.80479E+06 2.80477E+06 % total
];

TOT_A = [
2.37824E+10 2.30135E+10 2.22736E+10 2.15588E+10 2.08668E+10 2.01956E+10 1.95437E+10 1.89099E+10 1.82934E+10 1.76933E+10 1.71089E+10 1.65397E+10 % U235
2.71606E+10 2.71061E+10 2.70503E+10 2.69935E+10 2.69357E+10 2.68769E+10 2.68171E+10 2.67562E+10 2.66944E+10 2.66317E+10 2.65680E+10 2.65034E+10 % U238
0.00000E+00 0.00000E+00 0.00000E+00 0.00000E+00 0.00000E+00 0.00000E+00 0.00000E+00 0.00000E+00 0.00000E+00 0.00000E+00 0.00000E+00 0.00000E+00 % lost data
5.09431E+10 2.16637E+18 2.17682E+18 2.18509E+18 2.19305E+18 2.20148E+18 2.20972E+18 2.21864E+18 2.22822E+18 2.23764E+18 2.24729E+18 2.25689E+18 % total
];

