
ZAI = [
922350
922380
666
0
];

NAMES = [
'U235            '
'U238            '
'lost            '
'total           '
];

i922350 = 1; iU235             = 1;
i922380 = 2; iU238             = 2;
iLOST    = 3;
iTOT     = 4;

MAT_un_VOLUME = [ 1.94877E+05 1.94877E+05 1.94877E+05 1.94877E+05 1.94877E+05 1.94877E+05 1.94877E+05 1.94877E+05 1.94877E+05 1.94877E+05 1.94877E+05 1.94877E+05 ];

MAT_un_BURNUP = [ 0.00000E+00 3.92138E+00 7.84274E+00 1.17641E+01 1.56855E+01 1.96068E+01 2.35282E+01 2.74496E+01 3.13710E+01 3.52924E+01 3.92139E+01 4.31353E+01 ];

MAT_un_ADENS = [
2.93409E-03 2.80858E-03 2.68911E-03 2.57474E-03 2.46490E-03 2.35920E-03 2.25731E-03 2.15902E-03 2.06413E-03 1.97250E-03 1.88400E-03 1.79851E-03 % U235
2.12722E-02 2.12160E-02 2.11582E-02 2.10990E-02 2.10384E-02 2.09765E-02 2.09133E-02 2.08488E-02 2.07830E-02 2.07161E-02 2.06478E-02 2.05784E-02 % U238
0.00000E+00 0.00000E+00 0.00000E+00 0.00000E+00 0.00000E+00 0.00000E+00 0.00000E+00 0.00000E+00 0.00000E+00 0.00000E+00 0.00000E+00 0.00000E+00 % lost data
7.26261E-02 7.27262E-02 7.28262E-02 7.29260E-02 7.30258E-02 7.31255E-02 7.32252E-02 7.33250E-02 7.34248E-02 7.35247E-02 7.36247E-02 7.37249E-02 % total
];

MAT_un_MDENS = [
1.14519E+00 1.09621E+00 1.04958E+00 1.00494E+00 9.62067E-01 9.20810E-01 8.81043E-01 8.42678E-01 8.05644E-01 7.69881E-01 7.35337E-01 7.01969E-01 % U235
8.40887E+00 8.38665E+00 8.36380E+00 8.34040E+00 8.31647E+00 8.29200E+00 8.26700E+00 8.24150E+00 8.21551E+00 8.18904E+00 8.16207E+00 8.13463E+00 % U238
0.00000E+00 0.00000E+00 0.00000E+00 0.00000E+00 0.00000E+00 0.00000E+00 0.00000E+00 0.00000E+00 0.00000E+00 0.00000E+00 0.00000E+00 0.00000E+00 % lost data
1.08000E+01 1.07999E+01 1.07997E+01 1.07996E+01 1.07995E+01 1.07994E+01 1.07993E+01 1.07992E+01 1.07991E+01 1.07990E+01 1.07990E+01 1.07989E+01 % total
];

MAT_un_A = [
1.78446E+10 1.70813E+10 1.63547E+10 1.56591E+10 1.49911E+10 1.43482E+10 1.37286E+10 1.31308E+10 1.25537E+10 1.19964E+10 1.14582E+10 1.09382E+10 % U235
2.03794E+10 2.03255E+10 2.02702E+10 2.02134E+10 2.01555E+10 2.00961E+10 2.00356E+10 1.99738E+10 1.99108E+10 1.98466E+10 1.97812E+10 1.97148E+10 % U238
0.00000E+00 0.00000E+00 0.00000E+00 0.00000E+00 0.00000E+00 0.00000E+00 0.00000E+00 0.00000E+00 0.00000E+00 0.00000E+00 0.00000E+00 0.00000E+00 % lost data
3.82240E+10 2.16195E+18 2.17215E+18 2.18247E+18 2.19230E+18 2.20287E+18 2.21382E+18 2.22500E+18 2.23696E+18 2.24884E+18 2.26159E+18 2.27410E+18 % total
];

MAT_un_H = [
1.33771E-02 1.28048E-02 1.22601E-02 1.17387E-02 1.12379E-02 1.07560E-02 1.02915E-02 9.84334E-03 9.41076E-03 8.99300E-03 8.58950E-03 8.19972E-03 % U235
1.39424E-02 1.39055E-02 1.38677E-02 1.38289E-02 1.37892E-02 1.37486E-02 1.37072E-02 1.36649E-02 1.36218E-02 1.35779E-02 1.35332E-02 1.34877E-02 % U238
0.00000E+00 0.00000E+00 0.00000E+00 0.00000E+00 0.00000E+00 0.00000E+00 0.00000E+00 0.00000E+00 0.00000E+00 0.00000E+00 0.00000E+00 0.00000E+00 % lost data
2.73194E-02 6.51749E+05 6.47200E+05 6.44218E+05 6.41701E+05 6.39644E+05 6.38048E+05 6.36764E+05 6.35840E+05 6.35136E+05 6.34705E+05 6.34466E+05 % total
];

MAT_un_SF = [
1.28481E+00 1.22985E+00 1.17754E+00 1.12746E+00 1.07936E+00 1.03307E+00 9.88456E-01 9.45414E-01 9.03866E-01 8.63742E-01 8.24987E-01 7.87550E-01 % U235
1.11271E+04 1.10977E+04 1.10675E+04 1.10365E+04 1.10049E+04 1.09725E+04 1.09394E+04 1.09057E+04 1.08713E+04 1.08363E+04 1.08006E+04 1.07643E+04 % U238
0.00000E+00 0.00000E+00 0.00000E+00 0.00000E+00 0.00000E+00 0.00000E+00 0.00000E+00 0.00000E+00 0.00000E+00 0.00000E+00 0.00000E+00 0.00000E+00 % lost data
1.11284E+04 9.93352E+04 8.35726E+05 3.50053E+06 9.53057E+06 2.01398E+07 3.62459E+07 5.85252E+07 8.74994E+07 1.23578E+08 1.67211E+08 2.18819E+08 % total
];

MAT_un_GSRC = [
2.25468E+10 2.15823E+10 2.06642E+10 1.97854E+10 1.89414E+10 1.81291E+10 1.73461E+10 1.65908E+10 1.58617E+10 1.51575E+10 1.44775E+10 1.38205E+10 % U235
1.80467E+09 1.79990E+09 1.79500E+09 1.78997E+09 1.78484E+09 1.77959E+09 1.77422E+09 1.76875E+09 1.76317E+09 1.75749E+09 1.75170E+09 1.74581E+09 % U238
0.00000E+00 0.00000E+00 0.00000E+00 0.00000E+00 0.00000E+00 0.00000E+00 0.00000E+00 0.00000E+00 0.00000E+00 0.00000E+00 0.00000E+00 0.00000E+00 % lost data
2.43515E+10 2.36105E+18 2.36398E+18 2.37162E+18 2.37946E+18 2.38820E+18 2.39715E+18 2.40613E+18 2.41583E+18 2.42523E+18 2.43554E+18 2.44540E+18 % total
];

MAT_un_ING_TOX = [
8.38697E+02 8.02819E+02 7.68669E+02 7.35978E+02 7.04582E+02 6.74366E+02 6.45242E+02 6.17145E+02 5.90024E+02 5.63831E+02 5.38533E+02 5.14095E+02 % U235
9.17072E+02 9.14649E+02 9.12157E+02 9.09605E+02 9.06996E+02 9.04326E+02 9.01601E+02 8.98820E+02 8.95985E+02 8.93098E+02 8.90156E+02 8.87164E+02 % U238
0.00000E+00 0.00000E+00 0.00000E+00 0.00000E+00 0.00000E+00 0.00000E+00 0.00000E+00 0.00000E+00 0.00000E+00 0.00000E+00 0.00000E+00 0.00000E+00 % lost data
1.75577E+03 1.05584E+09 1.11718E+09 1.16987E+09 1.22175E+09 1.27523E+09 1.33083E+09 1.38891E+09 1.45001E+09 1.51411E+09 1.58185E+09 1.65298E+09 % total
];

MAT_un_INH_TOX = [
1.51679E+05 1.45191E+05 1.39015E+05 1.33102E+05 1.27424E+05 1.21960E+05 1.16693E+05 1.11611E+05 1.06706E+05 1.01970E+05 9.73943E+04 9.29747E+04 % U235
1.63035E+05 1.62604E+05 1.62161E+05 1.61708E+05 1.61244E+05 1.60769E+05 1.60285E+05 1.59790E+05 1.59286E+05 1.58773E+05 1.58250E+05 1.57718E+05 % U238
0.00000E+00 0.00000E+00 0.00000E+00 0.00000E+00 0.00000E+00 0.00000E+00 0.00000E+00 0.00000E+00 0.00000E+00 0.00000E+00 0.00000E+00 0.00000E+00 % lost data
3.14714E+05 3.45402E+09 5.83289E+09 9.24882E+09 1.40981E+10 2.06253E+10 2.90041E+10 3.93643E+10 5.18216E+10 6.64514E+10 8.33256E+10 1.02484E+11 % total
];

TOT_VOLUME = [ 1.94877E+05 1.94877E+05 1.94877E+05 1.94877E+05 1.94877E+05 1.94877E+05 1.94877E+05 1.94877E+05 1.94877E+05 1.94877E+05 1.94877E+05 1.94877E+05 ];

TOT_BURNUP = [ 0.00000E+00 3.92138E+00 7.84274E+00 1.17641E+01 1.56855E+01 1.96068E+01 2.35282E+01 2.74496E+01 3.13710E+01 3.52924E+01 3.92139E+01 4.31353E+01 ];

TOT_ADENS = [
2.93409E-03 2.80858E-03 2.68911E-03 2.57474E-03 2.46490E-03 2.35920E-03 2.25731E-03 2.15902E-03 2.06413E-03 1.97250E-03 1.88400E-03 1.79851E-03 % U235
2.12722E-02 2.12160E-02 2.11582E-02 2.10990E-02 2.10384E-02 2.09765E-02 2.09133E-02 2.08488E-02 2.07830E-02 2.07161E-02 2.06478E-02 2.05784E-02 % U238
0.00000E+00 0.00000E+00 0.00000E+00 0.00000E+00 0.00000E+00 0.00000E+00 0.00000E+00 0.00000E+00 0.00000E+00 0.00000E+00 0.00000E+00 0.00000E+00 % lost data
7.26261E-02 7.27262E-02 7.28262E-02 7.29260E-02 7.30258E-02 7.31255E-02 7.32252E-02 7.33250E-02 7.34248E-02 7.35247E-02 7.36247E-02 7.37249E-02 % total
];

TOT_MASS = [
2.23172E+05 2.13625E+05 2.04538E+05 1.95839E+05 1.87485E+05 1.79445E+05 1.71695E+05 1.64219E+05 1.57002E+05 1.50032E+05 1.43300E+05 1.36798E+05 % U235
1.63870E+06 1.63436E+06 1.62991E+06 1.62535E+06 1.62069E+06 1.61592E+06 1.61105E+06 1.60608E+06 1.60101E+06 1.59586E+06 1.59060E+06 1.58525E+06 % U238
0.00000E+00 0.00000E+00 0.00000E+00 0.00000E+00 0.00000E+00 0.00000E+00 0.00000E+00 0.00000E+00 0.00000E+00 0.00000E+00 0.00000E+00 0.00000E+00 % lost data
2.10467E+06 2.10465E+06 2.10462E+06 2.10460E+06 2.10458E+06 2.10456E+06 2.10454E+06 2.10452E+06 2.10450E+06 2.10448E+06 2.10447E+06 2.10446E+06 % total
];

TOT_A = [
1.78446E+10 1.70813E+10 1.63547E+10 1.56591E+10 1.49911E+10 1.43482E+10 1.37286E+10 1.31308E+10 1.25537E+10 1.19964E+10 1.14582E+10 1.09382E+10 % U235
2.03794E+10 2.03255E+10 2.02702E+10 2.02134E+10 2.01555E+10 2.00961E+10 2.00356E+10 1.99738E+10 1.99108E+10 1.98466E+10 1.97812E+10 1.97148E+10 % U238
0.00000E+00 0.00000E+00 0.00000E+00 0.00000E+00 0.00000E+00 0.00000E+00 0.00000E+00 0.00000E+00 0.00000E+00 0.00000E+00 0.00000E+00 0.00000E+00 % lost data
3.82240E+10 2.16195E+18 2.17215E+18 2.18247E+18 2.19230E+18 2.20287E+18 2.21382E+18 2.22500E+18 2.23696E+18 2.24884E+18 2.26159E+18 2.27410E+18 % total
];

