
ZAI = [
922350
922380
666
0
];

NAMES = [
'U235            '
'U238            '
'lost            '
'total           '
];

i922350 = 1; iU235             = 1;
i922380 = 2; iU238             = 2;
iLOST    = 3;
iTOT     = 4;

MAT_un_VOLUME = [ 6.21402E+04 6.21402E+04 6.21402E+04 6.21402E+04 6.21402E+04 6.21402E+04 6.21402E+04 6.21402E+04 6.21402E+04 6.21402E+04 6.21402E+04 ];

MAT_un_BURNUP = [ 0.00000E+00 1.84472E+01 3.68944E+01 5.53416E+01 7.37890E+01 9.22364E+01 1.10684E+02 1.29132E+02 1.47579E+02 1.66027E+02 1.84475E+02 ];

MAT_un_ADENS = [
4.83387E-03 4.25003E-03 3.71358E-03 3.21649E-03 2.75658E-03 2.33304E-03 1.94586E-03 1.59563E-03 1.28310E-03 1.00920E-03 7.74498E-04 % U235
1.93936E-02 1.92216E-02 1.90359E-02 1.88375E-02 1.86258E-02 1.84003E-02 1.81601E-02 1.79039E-02 1.76305E-02 1.73391E-02 1.70285E-02 % U238
0.00000E+00 0.00000E+00 0.00000E+00 0.00000E+00 0.00000E+00 0.00000E+00 0.00000E+00 0.00000E+00 0.00000E+00 0.00000E+00 0.00000E+00 % lost data
7.26897E-02 7.31618E-02 7.36312E-02 7.41003E-02 7.45693E-02 7.50385E-02 7.55082E-02 7.59787E-02 7.64501E-02 7.69225E-02 7.73956E-02 % total
];

MAT_un_MDENS = [
1.88669E+00 1.65882E+00 1.44943E+00 1.25542E+00 1.07591E+00 9.10599E-01 7.59482E-01 6.22784E-01 5.00804E-01 3.93895E-01 3.02291E-01 % U235
7.66628E+00 7.59826E+00 7.52488E+00 7.44643E+00 7.36275E+00 7.27361E+00 7.17867E+00 7.07738E+00 6.96933E+00 6.85412E+00 6.73134E+00 % U238
0.00000E+00 0.00000E+00 0.00000E+00 0.00000E+00 0.00000E+00 0.00000E+00 0.00000E+00 0.00000E+00 0.00000E+00 0.00000E+00 0.00000E+00 % lost data
1.08000E+01 1.07992E+01 1.07986E+01 1.07980E+01 1.07974E+01 1.07970E+01 1.07966E+01 1.07963E+01 1.07961E+01 1.07961E+01 1.07961E+01 % total
];

MAT_un_A = [
9.37433E+09 8.24210E+09 7.20175E+09 6.23775E+09 5.34585E+09 4.52447E+09 3.77362E+09 3.09441E+09 2.48833E+09 1.95714E+09 1.50199E+09 % U235
5.92448E+09 5.87191E+09 5.81521E+09 5.75458E+09 5.68991E+09 5.62103E+09 5.54765E+09 5.46938E+09 5.38588E+09 5.29684E+09 5.20196E+09 % U238
0.00000E+00 0.00000E+00 0.00000E+00 0.00000E+00 0.00000E+00 0.00000E+00 0.00000E+00 0.00000E+00 0.00000E+00 0.00000E+00 0.00000E+00 % lost data
1.52988E+10 3.06006E+18 3.08195E+18 3.12076E+18 3.15997E+18 3.20297E+18 3.25018E+18 3.30254E+18 3.35899E+18 3.41980E+18 3.48349E+18 % total
];

MAT_un_H = [
7.02738E-03 6.17861E-03 5.39872E-03 4.67607E-03 4.00747E-03 3.39172E-03 2.82885E-03 2.31969E-03 1.86535E-03 1.46715E-03 1.12595E-03 % U235
4.05319E-03 4.01722E-03 3.97843E-03 3.93695E-03 3.89271E-03 3.84558E-03 3.79538E-03 3.74183E-03 3.68471E-03 3.62379E-03 3.55888E-03 % U238
0.00000E+00 0.00000E+00 0.00000E+00 0.00000E+00 0.00000E+00 0.00000E+00 0.00000E+00 0.00000E+00 0.00000E+00 0.00000E+00 0.00000E+00 % lost data
1.10806E-02 9.58238E+05 9.46770E+05 9.43468E+05 9.40791E+05 9.39261E+05 9.38633E+05 9.38796E+05 9.39512E+05 9.40800E+05 9.42318E+05 % total
];

MAT_un_SF = [
6.74952E-01 5.93431E-01 5.18526E-01 4.49118E-01 3.84901E-01 3.25761E-01 2.71700E-01 2.22797E-01 1.79160E-01 1.40914E-01 1.08143E-01 % U235
3.23477E+03 3.20607E+03 3.17510E+03 3.14200E+03 3.10669E+03 3.06908E+03 3.02902E+03 2.98628E+03 2.94069E+03 2.89208E+03 2.84027E+03 % U238
0.00000E+00 0.00000E+00 0.00000E+00 0.00000E+00 0.00000E+00 0.00000E+00 0.00000E+00 0.00000E+00 0.00000E+00 0.00000E+00 0.00000E+00 % lost data
3.23544E+03 6.63983E+05 8.94999E+06 3.68353E+07 9.45797E+07 1.92602E+08 3.44358E+08 5.65365E+08 8.75138E+08 1.29160E+09 1.83180E+09 % total
];

MAT_un_GSRC = [
1.18445E+10 1.04140E+10 9.09946E+09 7.88144E+09 6.75452E+09 5.71669E+09 4.76799E+09 3.90981E+09 3.14402E+09 2.47285E+09 1.89777E+09 % U235
5.24634E+08 5.19979E+08 5.14957E+08 5.09589E+08 5.03862E+08 4.97762E+08 4.91265E+08 4.84333E+08 4.76939E+08 4.69055E+08 4.60653E+08 % U238
0.00000E+00 0.00000E+00 0.00000E+00 0.00000E+00 0.00000E+00 0.00000E+00 0.00000E+00 0.00000E+00 0.00000E+00 0.00000E+00 0.00000E+00 % lost data
1.23692E+10 3.32178E+18 3.33464E+18 3.37126E+18 3.40847E+18 3.44914E+18 3.49360E+18 3.54316E+18 3.59640E+18 3.65385E+18 3.71387E+18 % total
];

MAT_un_ING_TOX = [
4.40594E+02 3.87379E+02 3.38482E+02 2.93174E+02 2.51255E+02 2.12650E+02 1.77360E+02 1.45437E+02 1.16951E+02 9.19854E+01 7.05933E+01 % U235
2.66602E+02 2.64236E+02 2.61684E+02 2.58956E+02 2.56046E+02 2.52946E+02 2.49644E+02 2.46122E+02 2.42365E+02 2.38358E+02 2.34088E+02 % U238
0.00000E+00 0.00000E+00 0.00000E+00 0.00000E+00 0.00000E+00 0.00000E+00 0.00000E+00 0.00000E+00 0.00000E+00 0.00000E+00 0.00000E+00 % lost data
7.07195E+02 1.52277E+09 1.63919E+09 1.76150E+09 1.89465E+09 2.04374E+09 2.21029E+09 2.39538E+09 2.59868E+09 2.81890E+09 3.05252E+09 % total
];

MAT_un_INH_TOX = [
7.96818E+04 7.00579E+04 6.12149E+04 5.30209E+04 4.54397E+04 3.84580E+04 3.20757E+04 2.63025E+04 2.11508E+04 1.66357E+04 1.27669E+04 % U235
4.73958E+04 4.69753E+04 4.65216E+04 4.60366E+04 4.55193E+04 4.49682E+04 4.43812E+04 4.37550E+04 4.30870E+04 4.23747E+04 4.16157E+04 % U238
0.00000E+00 0.00000E+00 0.00000E+00 0.00000E+00 0.00000E+00 0.00000E+00 0.00000E+00 0.00000E+00 0.00000E+00 0.00000E+00 0.00000E+00 % lost data
1.27078E+05 5.15231E+09 1.15958E+10 2.35437E+10 4.22245E+10 6.84244E+10 1.02672E+11 1.45128E+11 1.95838E+11 2.54152E+11 3.19071E+11 % total
];

TOT_VOLUME = [ 6.21402E+04 6.21402E+04 6.21402E+04 6.21402E+04 6.21402E+04 6.21402E+04 6.21402E+04 6.21402E+04 6.21402E+04 6.21402E+04 6.21402E+04 ];

TOT_BURNUP = [ 0.00000E+00 1.84472E+01 3.68944E+01 5.53416E+01 7.37890E+01 9.22364E+01 1.10684E+02 1.29132E+02 1.47579E+02 1.66027E+02 1.84475E+02 ];

TOT_ADENS = [
4.83387E-03 4.25003E-03 3.71358E-03 3.21649E-03 2.75658E-03 2.33304E-03 1.94586E-03 1.59563E-03 1.28310E-03 1.00920E-03 7.74498E-04 % U235
1.93936E-02 1.92216E-02 1.90359E-02 1.88375E-02 1.86258E-02 1.84003E-02 1.81601E-02 1.79039E-02 1.76305E-02 1.73391E-02 1.70285E-02 % U238
0.00000E+00 0.00000E+00 0.00000E+00 0.00000E+00 0.00000E+00 0.00000E+00 0.00000E+00 0.00000E+00 0.00000E+00 0.00000E+00 0.00000E+00 % lost data
7.26897E-02 7.31618E-02 7.36312E-02 7.41003E-02 7.45693E-02 7.50385E-02 7.55082E-02 7.59787E-02 7.64501E-02 7.69225E-02 7.73956E-02 % total
];

TOT_MASS = [
1.17239E+05 1.03079E+05 9.00681E+04 7.80118E+04 6.68574E+04 5.65848E+04 4.71944E+04 3.86999E+04 3.11200E+04 2.44767E+04 1.87844E+04 % U235
4.76384E+05 4.72157E+05 4.67597E+05 4.62723E+05 4.57523E+05 4.51984E+05 4.46084E+05 4.39790E+05 4.33076E+05 4.25916E+05 4.18287E+05 % U238
0.00000E+00 0.00000E+00 0.00000E+00 0.00000E+00 0.00000E+00 0.00000E+00 0.00000E+00 0.00000E+00 0.00000E+00 0.00000E+00 0.00000E+00 % lost data
6.71114E+05 6.71067E+05 6.71025E+05 6.70987E+05 6.70954E+05 6.70926E+05 6.70902E+05 6.70885E+05 6.70874E+05 6.70870E+05 6.70873E+05 % total
];

TOT_A = [
9.37433E+09 8.24210E+09 7.20175E+09 6.23775E+09 5.34585E+09 4.52447E+09 3.77362E+09 3.09441E+09 2.48833E+09 1.95714E+09 1.50199E+09 % U235
5.92448E+09 5.87191E+09 5.81521E+09 5.75458E+09 5.68991E+09 5.62103E+09 5.54765E+09 5.46938E+09 5.38588E+09 5.29684E+09 5.20196E+09 % U238
0.00000E+00 0.00000E+00 0.00000E+00 0.00000E+00 0.00000E+00 0.00000E+00 0.00000E+00 0.00000E+00 0.00000E+00 0.00000E+00 0.00000E+00 % lost data
1.52988E+10 3.06006E+18 3.08195E+18 3.12076E+18 3.15997E+18 3.20297E+18 3.25018E+18 3.30254E+18 3.35899E+18 3.41980E+18 3.48349E+18 % total
];

TOT_H = [
7.02738E-03 6.17861E-03 5.39872E-03 4.67607E-03 4.00747E-03 3.39172E-03 2.82885E-03 2.31969E-03 1.86535E-03 1.46715E-03 1.12595E-03 % U235
4.05319E-03 4.01722E-03 3.97843E-03 3.93695E-03 3.89271E-03 3.84558E-03 3.79538E-03 3.74183E-03 3.68471E-03 3.62379E-03 3.55888E-03 % U238
0.00000E+00 0.00000E+00 0.00000E+00 0.00000E+00 0.00000E+00 0.00000E+00 0.00000E+00 0.00000E+00 0.00000E+00 0.00000E+00 0.00000E+00 % lost data
1.10806E-02 9.58238E+05 9.46770E+05 9.43468E+05 9.40791E+05 9.39261E+05 9.38633E+05 9.38796E+05 9.39512E+05 9.40800E+05 9.42318E+05 % total
];

