
ZAI = [
922350
922380
666
0
];

NAMES = [
'U235            '
'U238            '
'lost            '
'total           '
];

i922350 = 1; iU235             = 1;
i922380 = 2; iU238             = 2;
iLOST    = 3;
iTOT     = 4;

MAT_un_VOLUME = [ 2.48536E+05 2.48536E+05 2.48536E+05 2.48536E+05 2.48536E+05 2.48536E+05 2.48536E+05 2.48536E+05 2.48536E+05 2.48536E+05 2.48536E+05 ];

MAT_un_BURNUP = [ 0.00000E+00 4.61225E+00 9.22450E+00 1.38367E+01 1.84490E+01 2.30612E+01 2.76735E+01 3.22857E+01 3.68980E+01 4.15102E+01 4.61225E+01 ];

MAT_un_ADENS = [
4.83387E-03 4.68063E-03 4.53129E-03 4.38554E-03 4.24311E-03 4.10382E-03 3.96749E-03 3.83403E-03 3.70333E-03 3.57533E-03 3.44998E-03 % U235
1.93936E-02 1.93439E-02 1.92929E-02 1.92410E-02 1.91881E-02 1.91342E-02 1.90794E-02 1.90236E-02 1.89668E-02 1.89090E-02 1.88503E-02 % U238
0.00000E+00 0.00000E+00 0.00000E+00 0.00000E+00 0.00000E+00 0.00000E+00 0.00000E+00 0.00000E+00 0.00000E+00 0.00000E+00 0.00000E+00 % lost data
7.26897E-02 7.28075E-02 7.29251E-02 7.30427E-02 7.31602E-02 7.32776E-02 7.33950E-02 7.35125E-02 7.36299E-02 7.37474E-02 7.38650E-02 % total
];

MAT_un_MDENS = [
1.88669E+00 1.82688E+00 1.76859E+00 1.71170E+00 1.65611E+00 1.60175E+00 1.54854E+00 1.49645E+00 1.44543E+00 1.39548E+00 1.34655E+00 % U235
7.66628E+00 7.64661E+00 7.62647E+00 7.60594E+00 7.58503E+00 7.56374E+00 7.54206E+00 7.52000E+00 7.49756E+00 7.47473E+00 7.45152E+00 % U238
0.00000E+00 0.00000E+00 0.00000E+00 0.00000E+00 0.00000E+00 0.00000E+00 0.00000E+00 0.00000E+00 0.00000E+00 0.00000E+00 0.00000E+00 % lost data
1.08000E+01 1.07998E+01 1.07996E+01 1.07995E+01 1.07993E+01 1.07992E+01 1.07990E+01 1.07989E+01 1.07987E+01 1.07986E+01 1.07985E+01 % total
];

MAT_un_A = [
3.74936E+10 3.63050E+10 3.51466E+10 3.40161E+10 3.29114E+10 3.18310E+10 3.07736E+10 2.97384E+10 2.87246E+10 2.77318E+10 2.67595E+10 % U235
2.36955E+10 2.36347E+10 2.35725E+10 2.35090E+10 2.34444E+10 2.33786E+10 2.33116E+10 2.32434E+10 2.31740E+10 2.31035E+10 2.30317E+10 % U238
0.00000E+00 0.00000E+00 0.00000E+00 0.00000E+00 0.00000E+00 0.00000E+00 0.00000E+00 0.00000E+00 0.00000E+00 0.00000E+00 0.00000E+00 % lost data
6.11891E+10 3.11525E+18 3.13401E+18 3.14712E+18 3.15870E+18 3.17084E+18 3.18331E+18 3.19615E+18 3.20923E+18 3.22300E+18 3.23650E+18 % total
];

MAT_un_H = [
2.81067E-02 2.72157E-02 2.63473E-02 2.54999E-02 2.46717E-02 2.38618E-02 2.30691E-02 2.22931E-02 2.15331E-02 2.07889E-02 2.00600E-02 % U235
1.62111E-02 1.61695E-02 1.61269E-02 1.60835E-02 1.60393E-02 1.59943E-02 1.59484E-02 1.59018E-02 1.58543E-02 1.58060E-02 1.57570E-02 % U238
0.00000E+00 0.00000E+00 0.00000E+00 0.00000E+00 0.00000E+00 0.00000E+00 0.00000E+00 0.00000E+00 0.00000E+00 0.00000E+00 0.00000E+00 % lost data
4.43178E-02 9.70804E+05 9.68105E+05 9.65651E+05 9.63377E+05 9.61478E+05 9.59846E+05 9.58515E+05 9.57374E+05 9.56522E+05 9.55810E+05 % total
];

MAT_un_SF = [
2.69954E+00 2.61396E+00 2.53056E+00 2.44916E+00 2.36962E+00 2.29183E+00 2.21570E+00 2.14116E+00 2.06817E+00 1.99669E+00 1.92669E+00 % U235
1.29378E+04 1.29046E+04 1.28706E+04 1.28359E+04 1.28006E+04 1.27647E+04 1.27281E+04 1.26909E+04 1.26530E+04 1.26145E+04 1.25753E+04 % U238
0.00000E+00 0.00000E+00 0.00000E+00 0.00000E+00 0.00000E+00 0.00000E+00 0.00000E+00 0.00000E+00 0.00000E+00 0.00000E+00 0.00000E+00 % lost data
1.29405E+04 7.39916E+04 4.98089E+05 2.01350E+06 5.57256E+06 1.21093E+07 2.24696E+07 3.73539E+07 5.73457E+07 8.29341E+07 1.14572E+08 % total
];

MAT_un_GSRC = [
4.73734E+10 4.58716E+10 4.44080E+10 4.29796E+10 4.15838E+10 4.02187E+10 3.88826E+10 3.75746E+10 3.62937E+10 3.50393E+10 3.38108E+10 % U235
2.09832E+09 2.09294E+09 2.08743E+09 2.08181E+09 2.07609E+09 2.07026E+09 2.06432E+09 2.05829E+09 2.05214E+09 2.04590E+09 2.03954E+09 % U238
0.00000E+00 0.00000E+00 0.00000E+00 0.00000E+00 0.00000E+00 0.00000E+00 0.00000E+00 0.00000E+00 0.00000E+00 0.00000E+00 0.00000E+00 % lost data
4.94717E+10 3.38647E+18 3.39448E+18 3.40346E+18 3.41225E+18 3.42205E+18 3.43222E+18 3.44272E+18 3.45336E+18 3.46464E+18 3.47545E+18 % total
];

MAT_un_ING_TOX = [
1.76220E+03 1.70633E+03 1.65189E+03 1.59876E+03 1.54684E+03 1.49606E+03 1.44636E+03 1.39770E+03 1.35006E+03 1.30340E+03 1.25770E+03 % U235
1.06630E+03 1.06356E+03 1.06076E+03 1.05791E+03 1.05500E+03 1.05204E+03 1.04902E+03 1.04595E+03 1.04283E+03 1.03966E+03 1.03643E+03 % U238
0.00000E+00 0.00000E+00 0.00000E+00 0.00000E+00 0.00000E+00 0.00000E+00 0.00000E+00 0.00000E+00 0.00000E+00 0.00000E+00 0.00000E+00 % lost data
2.82850E+03 1.52716E+09 1.61574E+09 1.68776E+09 1.75694E+09 1.82672E+09 1.89781E+09 1.97084E+09 2.04609E+09 2.12431E+09 2.20530E+09 % total
];

MAT_un_INH_TOX = [
3.18695E+05 3.08592E+05 2.98746E+05 2.89137E+05 2.79747E+05 2.70563E+05 2.61575E+05 2.52776E+05 2.44159E+05 2.35720E+05 2.27456E+05 % U235
1.89564E+05 1.89078E+05 1.88580E+05 1.88072E+05 1.87555E+05 1.87029E+05 1.86493E+05 1.85947E+05 1.85392E+05 1.84828E+05 1.84254E+05 % U238
0.00000E+00 0.00000E+00 0.00000E+00 0.00000E+00 0.00000E+00 0.00000E+00 0.00000E+00 0.00000E+00 0.00000E+00 0.00000E+00 0.00000E+00 % lost data
5.08259E+05 4.55895E+09 7.04571E+09 1.02941E+10 1.47571E+10 2.07203E+10 2.84135E+10 3.80187E+10 4.97167E+10 6.36456E+10 7.99335E+10 % total
];

TOT_VOLUME = [ 2.48536E+05 2.48536E+05 2.48536E+05 2.48536E+05 2.48536E+05 2.48536E+05 2.48536E+05 2.48536E+05 2.48536E+05 2.48536E+05 2.48536E+05 ];

TOT_BURNUP = [ 0.00000E+00 4.61225E+00 9.22450E+00 1.38367E+01 1.84490E+01 2.30612E+01 2.76735E+01 3.22857E+01 3.68980E+01 4.15102E+01 4.61225E+01 ];

TOT_ADENS = [
4.83387E-03 4.68063E-03 4.53129E-03 4.38554E-03 4.24311E-03 4.10382E-03 3.96749E-03 3.83403E-03 3.70333E-03 3.57533E-03 3.44998E-03 % U235
1.93936E-02 1.93439E-02 1.92929E-02 1.92410E-02 1.91881E-02 1.91342E-02 1.90794E-02 1.90236E-02 1.89668E-02 1.89090E-02 1.88503E-02 % U238
0.00000E+00 0.00000E+00 0.00000E+00 0.00000E+00 0.00000E+00 0.00000E+00 0.00000E+00 0.00000E+00 0.00000E+00 0.00000E+00 0.00000E+00 % lost data
7.26897E-02 7.28075E-02 7.29251E-02 7.30427E-02 7.31602E-02 7.32776E-02 7.33950E-02 7.35125E-02 7.36299E-02 7.37474E-02 7.38650E-02 % total
];

TOT_MASS = [
4.68910E+05 4.54045E+05 4.39558E+05 4.25420E+05 4.11603E+05 3.98091E+05 3.84867E+05 3.71920E+05 3.59242E+05 3.46825E+05 3.34665E+05 % U235
1.90534E+06 1.90045E+06 1.89545E+06 1.89035E+06 1.88515E+06 1.87986E+06 1.87447E+06 1.86899E+06 1.86341E+06 1.85774E+06 1.85197E+06 % U238
0.00000E+00 0.00000E+00 0.00000E+00 0.00000E+00 0.00000E+00 0.00000E+00 0.00000E+00 0.00000E+00 0.00000E+00 0.00000E+00 0.00000E+00 % lost data
2.68419E+06 2.68414E+06 2.68410E+06 2.68406E+06 2.68402E+06 2.68398E+06 2.68394E+06 2.68390E+06 2.68387E+06 2.68384E+06 2.68380E+06 % total
];

TOT_A = [
3.74936E+10 3.63050E+10 3.51466E+10 3.40161E+10 3.29114E+10 3.18310E+10 3.07736E+10 2.97384E+10 2.87246E+10 2.77318E+10 2.67595E+10 % U235
2.36955E+10 2.36347E+10 2.35725E+10 2.35090E+10 2.34444E+10 2.33786E+10 2.33116E+10 2.32434E+10 2.31740E+10 2.31035E+10 2.30317E+10 % U238
0.00000E+00 0.00000E+00 0.00000E+00 0.00000E+00 0.00000E+00 0.00000E+00 0.00000E+00 0.00000E+00 0.00000E+00 0.00000E+00 0.00000E+00 % lost data
6.11891E+10 3.11525E+18 3.13401E+18 3.14712E+18 3.15870E+18 3.17084E+18 3.18331E+18 3.19615E+18 3.20923E+18 3.22300E+18 3.23650E+18 % total
];

TOT_H = [
2.81067E-02 2.72157E-02 2.63473E-02 2.54999E-02 2.46717E-02 2.38618E-02 2.30691E-02 2.22931E-02 2.15331E-02 2.07889E-02 2.00600E-02 % U235
1.62111E-02 1.61695E-02 1.61269E-02 1.60835E-02 1.60393E-02 1.59943E-02 1.59484E-02 1.59018E-02 1.58543E-02 1.58060E-02 1.57570E-02 % U238
0.00000E+00 0.00000E+00 0.00000E+00 0.00000E+00 0.00000E+00 0.00000E+00 0.00000E+00 0.00000E+00 0.00000E+00 0.00000E+00 0.00000E+00 % lost data
4.43178E-02 9.70804E+05 9.68105E+05 9.65651E+05 9.63377E+05 9.61478E+05 9.59846E+05 9.58515E+05 9.57374E+05 9.56522E+05 9.55810E+05 % total
];

