
ZAI = [
922350
922380
666
0
];

NAMES = [
'U235            '
'U238            '
'lost            '
'total           '
];

i922350 = 1; iU235             = 1;
i922380 = 2; iU238             = 2;
iLOST    = 3;
iTOT     = 4;

MAT_un_VOLUME = [ 2.48693E+05 2.48693E+05 2.48693E+05 2.48693E+05 2.48693E+05 2.48693E+05 2.48693E+05 2.48693E+05 2.48693E+05 2.48693E+05 2.48693E+05 ];

MAT_un_BURNUP = [ 0.00000E+00 4.60906E+00 9.21814E+00 1.38272E+01 1.84363E+01 2.30454E+01 2.76544E+01 3.22635E+01 3.68726E+01 4.14817E+01 4.60908E+01 ];

MAT_un_ADENS = [
3.79258E-03 3.64227E-03 3.49777E-03 3.35834E-03 3.22347E-03 3.09282E-03 2.96612E-03 2.84317E-03 2.72384E-03 2.60797E-03 2.49547E-03 % U235
2.04233E-02 2.03652E-02 2.03055E-02 2.02444E-02 2.01818E-02 2.01179E-02 2.00526E-02 1.99859E-02 1.99179E-02 1.98485E-02 1.97778E-02 % U238
0.00000E+00 0.00000E+00 0.00000E+00 0.00000E+00 0.00000E+00 0.00000E+00 0.00000E+00 0.00000E+00 0.00000E+00 0.00000E+00 0.00000E+00 % lost data
7.26548E-02 7.27725E-02 7.28900E-02 7.30074E-02 7.31248E-02 7.32420E-02 7.33593E-02 7.34766E-02 7.35940E-02 7.37114E-02 7.38290E-02 % total
];

MAT_un_MDENS = [
1.48027E+00 1.42160E+00 1.36520E+00 1.31078E+00 1.25814E+00 1.20715E+00 1.15769E+00 1.10971E+00 1.06313E+00 1.01791E+00 9.73998E-01 % U235
8.07330E+00 8.05035E+00 8.02674E+00 8.00258E+00 7.97786E+00 7.95259E+00 7.92676E+00 7.90039E+00 7.87351E+00 7.84610E+00 7.81815E+00 % U238
0.00000E+00 0.00000E+00 0.00000E+00 0.00000E+00 0.00000E+00 0.00000E+00 0.00000E+00 0.00000E+00 0.00000E+00 0.00000E+00 0.00000E+00 % lost data
1.08000E+01 1.07998E+01 1.07997E+01 1.07995E+01 1.07994E+01 1.07992E+01 1.07991E+01 1.07990E+01 1.07989E+01 1.07988E+01 1.07987E+01 % total
];

MAT_un_A = [
2.94355E+10 2.82688E+10 2.71474E+10 2.60652E+10 2.50184E+10 2.40043E+10 2.30210E+10 2.20668E+10 2.11406E+10 2.02413E+10 1.93682E+10 % U235
2.49693E+10 2.48984E+10 2.48253E+10 2.47506E+10 2.46742E+10 2.45960E+10 2.45161E+10 2.44346E+10 2.43514E+10 2.42666E+10 2.41802E+10 % U238
0.00000E+00 0.00000E+00 0.00000E+00 0.00000E+00 0.00000E+00 0.00000E+00 0.00000E+00 0.00000E+00 0.00000E+00 0.00000E+00 0.00000E+00 % lost data
5.44048E+10 3.18043E+18 3.19829E+18 3.21342E+18 3.22800E+18 3.24293E+18 3.25881E+18 3.27532E+18 3.29166E+18 3.30942E+18 3.32743E+18 % total
];

MAT_un_H = [
2.20660E-02 2.11915E-02 2.03508E-02 1.95395E-02 1.87548E-02 1.79946E-02 1.72575E-02 1.65421E-02 1.58479E-02 1.51737E-02 1.45192E-02 % U235
1.70826E-02 1.70340E-02 1.69841E-02 1.69329E-02 1.68806E-02 1.68272E-02 1.67725E-02 1.67167E-02 1.66598E-02 1.66018E-02 1.65427E-02 % U238
0.00000E+00 0.00000E+00 0.00000E+00 0.00000E+00 0.00000E+00 0.00000E+00 0.00000E+00 0.00000E+00 0.00000E+00 0.00000E+00 0.00000E+00 % lost data
3.91486E-02 9.73956E+05 9.68903E+05 9.65296E+05 9.62182E+05 9.59603E+05 9.57564E+05 9.55996E+05 9.54696E+05 9.53870E+05 9.53279E+05 % total
];

MAT_un_SF = [
2.11935E+00 2.03536E+00 1.95461E+00 1.87669E+00 1.80132E+00 1.72831E+00 1.65751E+00 1.58881E+00 1.52212E+00 1.45738E+00 1.39451E+00 % U235
1.36333E+04 1.35945E+04 1.35546E+04 1.35138E+04 1.34721E+04 1.34294E+04 1.33858E+04 1.33413E+04 1.32959E+04 1.32496E+04 1.32024E+04 % U238
0.00000E+00 0.00000E+00 0.00000E+00 0.00000E+00 0.00000E+00 0.00000E+00 0.00000E+00 0.00000E+00 0.00000E+00 0.00000E+00 0.00000E+00 % lost data
1.36354E+04 1.19533E+05 9.97254E+05 4.20186E+06 1.15461E+07 2.46364E+07 4.47635E+07 7.28672E+07 1.09850E+08 1.56271E+08 2.12859E+08 % total
];

MAT_un_GSRC = [
3.71919E+10 3.57179E+10 3.43009E+10 3.29335E+10 3.16109E+10 3.03297E+10 2.90872E+10 2.78815E+10 2.67113E+10 2.55750E+10 2.44718E+10 % U235
2.21113E+09 2.20484E+09 2.19837E+09 2.19176E+09 2.18499E+09 2.17806E+09 2.17099E+09 2.16377E+09 2.15641E+09 2.14890E+09 2.14124E+09 % U238
0.00000E+00 0.00000E+00 0.00000E+00 0.00000E+00 0.00000E+00 0.00000E+00 0.00000E+00 0.00000E+00 0.00000E+00 0.00000E+00 0.00000E+00 % lost data
3.94030E+10 3.46581E+18 3.47312E+18 3.48433E+18 3.49625E+18 3.50865E+18 3.52196E+18 3.53570E+18 3.54894E+18 3.56361E+18 3.57840E+18 % total
];

MAT_un_ING_TOX = [
1.38347E+03 1.32864E+03 1.27593E+03 1.22506E+03 1.17586E+03 1.12820E+03 1.08199E+03 1.03714E+03 9.93609E+02 9.51342E+02 9.10304E+02 % U235
1.12362E+03 1.12043E+03 1.11714E+03 1.11378E+03 1.11034E+03 1.10682E+03 1.10322E+03 1.09956E+03 1.09581E+03 1.09200E+03 1.08811E+03 % U238
0.00000E+00 0.00000E+00 0.00000E+00 0.00000E+00 0.00000E+00 0.00000E+00 0.00000E+00 0.00000E+00 0.00000E+00 0.00000E+00 0.00000E+00 % lost data
2.50709E+03 1.55669E+09 1.64843E+09 1.72582E+09 1.80195E+09 1.87992E+09 1.96102E+09 2.04562E+09 2.13402E+09 2.22732E+09 2.32553E+09 % total
];

MAT_un_INH_TOX = [
2.50202E+05 2.40285E+05 2.30753E+05 2.21554E+05 2.12656E+05 2.04037E+05 1.95679E+05 1.87568E+05 1.79695E+05 1.72051E+05 1.64629E+05 % U235
1.99755E+05 1.99187E+05 1.98603E+05 1.98005E+05 1.97393E+05 1.96768E+05 1.96129E+05 1.95477E+05 1.94811E+05 1.94133E+05 1.93442E+05 % U238
0.00000E+00 0.00000E+00 0.00000E+00 0.00000E+00 0.00000E+00 0.00000E+00 0.00000E+00 0.00000E+00 0.00000E+00 0.00000E+00 0.00000E+00 % lost data
4.49956E+05 4.89769E+09 8.06398E+09 1.25651E+10 1.89830E+10 2.76767E+10 3.89280E+10 5.29534E+10 6.99421E+10 9.00479E+10 1.13389E+11 % total
];

TOT_VOLUME = [ 2.48693E+05 2.48693E+05 2.48693E+05 2.48693E+05 2.48693E+05 2.48693E+05 2.48693E+05 2.48693E+05 2.48693E+05 2.48693E+05 2.48693E+05 ];

TOT_BURNUP = [ 0.00000E+00 4.60906E+00 9.21814E+00 1.38272E+01 1.84363E+01 2.30454E+01 2.76544E+01 3.22635E+01 3.68726E+01 4.14817E+01 4.60908E+01 ];

TOT_ADENS = [
3.79258E-03 3.64227E-03 3.49777E-03 3.35834E-03 3.22347E-03 3.09282E-03 2.96612E-03 2.84317E-03 2.72384E-03 2.60797E-03 2.49547E-03 % U235
2.04233E-02 2.03652E-02 2.03055E-02 2.02444E-02 2.01818E-02 2.01179E-02 2.00526E-02 1.99859E-02 1.99179E-02 1.98485E-02 1.97778E-02 % U238
0.00000E+00 0.00000E+00 0.00000E+00 0.00000E+00 0.00000E+00 0.00000E+00 0.00000E+00 0.00000E+00 0.00000E+00 0.00000E+00 0.00000E+00 % lost data
7.26548E-02 7.27725E-02 7.28900E-02 7.30074E-02 7.31248E-02 7.32420E-02 7.33593E-02 7.34766E-02 7.35940E-02 7.37114E-02 7.38290E-02 % total
];

TOT_MASS = [
3.68132E+05 3.53542E+05 3.39516E+05 3.25982E+05 3.12890E+05 3.00208E+05 2.87910E+05 2.75976E+05 2.64393E+05 2.53146E+05 2.42226E+05 % U235
2.00777E+06 2.00206E+06 1.99619E+06 1.99018E+06 1.98403E+06 1.97775E+06 1.97133E+06 1.96477E+06 1.95808E+06 1.95127E+06 1.94432E+06 % U238
0.00000E+00 0.00000E+00 0.00000E+00 0.00000E+00 0.00000E+00 0.00000E+00 0.00000E+00 0.00000E+00 0.00000E+00 0.00000E+00 0.00000E+00 % lost data
2.68588E+06 2.68584E+06 2.68580E+06 2.68576E+06 2.68573E+06 2.68569E+06 2.68566E+06 2.68563E+06 2.68560E+06 2.68557E+06 2.68555E+06 % total
];

TOT_A = [
2.94355E+10 2.82688E+10 2.71474E+10 2.60652E+10 2.50184E+10 2.40043E+10 2.30210E+10 2.20668E+10 2.11406E+10 2.02413E+10 1.93682E+10 % U235
2.49693E+10 2.48984E+10 2.48253E+10 2.47506E+10 2.46742E+10 2.45960E+10 2.45161E+10 2.44346E+10 2.43514E+10 2.42666E+10 2.41802E+10 % U238
0.00000E+00 0.00000E+00 0.00000E+00 0.00000E+00 0.00000E+00 0.00000E+00 0.00000E+00 0.00000E+00 0.00000E+00 0.00000E+00 0.00000E+00 % lost data
5.44048E+10 3.18043E+18 3.19829E+18 3.21342E+18 3.22800E+18 3.24293E+18 3.25881E+18 3.27532E+18 3.29166E+18 3.30942E+18 3.32743E+18 % total
];

TOT_H = [
2.20660E-02 2.11915E-02 2.03508E-02 1.95395E-02 1.87548E-02 1.79946E-02 1.72575E-02 1.65421E-02 1.58479E-02 1.51737E-02 1.45192E-02 % U235
1.70826E-02 1.70340E-02 1.69841E-02 1.69329E-02 1.68806E-02 1.68272E-02 1.67725E-02 1.67167E-02 1.66598E-02 1.66018E-02 1.65427E-02 % U238
0.00000E+00 0.00000E+00 0.00000E+00 0.00000E+00 0.00000E+00 0.00000E+00 0.00000E+00 0.00000E+00 0.00000E+00 0.00000E+00 0.00000E+00 % lost data
3.91486E-02 9.73956E+05 9.68903E+05 9.65296E+05 9.62182E+05 9.59603E+05 9.57564E+05 9.55996E+05 9.54696E+05 9.53870E+05 9.53279E+05 % total
];

