
ZAI = [
922350
922380
666
0
];

NAMES = [
'U235            '
'U238            '
'lost            '
'total           '
];

i922350 = 1; iU235             = 1;
i922380 = 2; iU238             = 2;
iLOST    = 3;
iTOT     = 4;

MAT_un_VOLUME = [ 6.19987E+04 6.19987E+04 6.19987E+04 6.19987E+04 6.19987E+04 6.19987E+04 6.19987E+04 6.19987E+04 6.19987E+04 6.19987E+04 6.19987E+04 6.19987E+04 ];

MAT_un_BURNUP = [ 0.00000E+00 2.45601E+01 4.91205E+01 7.36814E+01 9.82426E+01 1.22804E+02 1.47367E+02 1.71930E+02 1.96493E+02 2.21056E+02 2.45620E+02 2.70184E+02 ];

MAT_un_ADENS = [
2.91585E-03 2.20247E-03 1.63996E-03 1.18120E-03 8.16408E-04 5.38070E-04 3.37183E-04 2.01445E-04 1.15787E-04 6.49754E-05 3.62073E-05 2.04330E-05 % U235
2.13805E-02 2.10705E-02 2.07184E-02 2.03271E-02 1.98961E-02 1.94254E-02 1.89166E-02 1.83755E-02 1.78102E-02 1.72309E-02 1.66465E-02 1.60622E-02 % U238
0.00000E+00 0.00000E+00 0.00000E+00 0.00000E+00 0.00000E+00 0.00000E+00 0.00000E+00 0.00000E+00 0.00000E+00 0.00000E+00 0.00000E+00 0.00000E+00 % lost data
7.28962E-02 7.35363E-02 7.41566E-02 7.47797E-02 7.54037E-02 7.60282E-02 7.66533E-02 7.72790E-02 7.79056E-02 7.85329E-02 7.91608E-02 7.97897E-02 % total
];

MAT_un_MDENS = [
1.13807E+00 8.59636E-01 6.40087E-01 4.61028E-01 3.18649E-01 2.10012E-01 1.31605E-01 7.86254E-02 4.51925E-02 2.53603E-02 1.41319E-02 7.97513E-03 % U235
8.45167E+00 8.32913E+00 8.18996E+00 8.03528E+00 7.86492E+00 7.67883E+00 7.47772E+00 7.26382E+00 7.04035E+00 6.81136E+00 6.58035E+00 6.34939E+00 % U238
0.00000E+00 0.00000E+00 0.00000E+00 0.00000E+00 0.00000E+00 0.00000E+00 0.00000E+00 0.00000E+00 0.00000E+00 0.00000E+00 0.00000E+00 0.00000E+00 % lost data
1.08000E+01 1.07991E+01 1.07985E+01 1.07980E+01 1.07978E+01 1.07978E+01 1.07980E+01 1.07985E+01 1.07991E+01 1.07999E+01 1.08007E+01 1.08017E+01 % total
];

MAT_un_A = [
5.64183E+09 4.26152E+09 3.17314E+09 2.28548E+09 1.57966E+09 1.04110E+09 6.52411E+08 3.89774E+08 2.24035E+08 1.25720E+08 7.00570E+07 3.95355E+07 % U235
6.51655E+09 6.42207E+09 6.31476E+09 6.19550E+09 6.06415E+09 5.92066E+09 5.76560E+09 5.60067E+09 5.42837E+09 5.25181E+09 5.07369E+09 4.89561E+09 % U238
0.00000E+00 0.00000E+00 0.00000E+00 0.00000E+00 0.00000E+00 0.00000E+00 0.00000E+00 0.00000E+00 0.00000E+00 0.00000E+00 0.00000E+00 0.00000E+00 % lost data
1.21584E+10 4.27283E+18 4.22978E+18 4.38299E+18 4.51117E+18 4.63605E+18 4.75981E+18 4.86751E+18 4.95378E+18 5.00854E+18 5.03716E+18 5.05571E+18 % total
];

MAT_un_H = [
4.22935E-03 3.19461E-03 2.37871E-03 1.71329E-03 1.18417E-03 7.80454E-04 4.89074E-04 2.92190E-04 1.67946E-04 9.42448E-05 5.25176E-05 2.96374E-05 % U235
4.45825E-03 4.39361E-03 4.32019E-03 4.23860E-03 4.14874E-03 4.05057E-03 3.94449E-03 3.83166E-03 3.71377E-03 3.59298E-03 3.47113E-03 3.34930E-03 % U238
0.00000E+00 0.00000E+00 0.00000E+00 0.00000E+00 0.00000E+00 0.00000E+00 0.00000E+00 0.00000E+00 0.00000E+00 0.00000E+00 0.00000E+00 0.00000E+00 % lost data
8.68759E-03 1.28066E+06 1.22115E+06 1.23115E+06 1.23384E+06 1.23634E+06 1.24081E+06 1.24557E+06 1.25049E+06 1.25348E+06 1.25462E+06 1.25618E+06 % total
];

MAT_un_SF = [
4.06212E-01 3.06829E-01 2.28466E-01 1.64555E-01 1.13735E-01 7.49595E-02 4.69736E-02 2.80637E-02 1.61305E-02 9.05184E-03 5.04410E-03 2.84656E-03 % U235
3.55804E+03 3.50645E+03 3.44786E+03 3.38274E+03 3.31102E+03 3.23268E+03 3.14802E+03 3.05797E+03 2.96389E+03 2.86749E+03 2.77024E+03 2.67301E+03 % U238
0.00000E+00 0.00000E+00 0.00000E+00 0.00000E+00 0.00000E+00 0.00000E+00 0.00000E+00 0.00000E+00 0.00000E+00 0.00000E+00 0.00000E+00 0.00000E+00 % lost data
3.55844E+03 6.65348E+06 7.39058E+07 2.70049E+08 6.64501E+08 1.33297E+09 2.32516E+09 3.63948E+09 5.21258E+09 6.94165E+09 8.72049E+09 1.04737E+10 % total
];

MAT_un_GSRC = [
7.12849E+09 5.38446E+09 4.00928E+09 2.88772E+09 1.99591E+09 1.31544E+09 8.24326E+08 4.92482E+08 2.83070E+08 1.58848E+08 8.85175E+07 4.99534E+07 % U235
5.77064E+08 5.68697E+08 5.59195E+08 5.48634E+08 5.37002E+08 5.24296E+08 5.10565E+08 4.95960E+08 4.80702E+08 4.65066E+08 4.49294E+08 4.33524E+08 % U238
0.00000E+00 0.00000E+00 0.00000E+00 0.00000E+00 0.00000E+00 0.00000E+00 0.00000E+00 0.00000E+00 0.00000E+00 0.00000E+00 0.00000E+00 0.00000E+00 % lost data
7.70556E+09 4.65632E+18 4.59034E+18 4.74038E+18 4.86130E+18 4.97661E+18 5.08928E+18 5.18319E+18 5.25374E+18 5.29051E+18 5.30005E+18 5.30017E+18 % total
];

MAT_un_ING_TOX = [
2.65166E+02 2.00291E+02 1.49137E+02 1.07418E+02 7.42438E+01 4.89319E+01 3.06633E+01 1.83194E+01 1.05296E+01 5.90884E+00 3.29268E+00 1.85817E+00 % U235
2.93245E+02 2.88993E+02 2.84164E+02 2.78797E+02 2.72887E+02 2.66430E+02 2.59452E+02 2.52030E+02 2.44277E+02 2.36331E+02 2.28316E+02 2.20303E+02 % U238
0.00000E+00 0.00000E+00 0.00000E+00 0.00000E+00 0.00000E+00 0.00000E+00 0.00000E+00 0.00000E+00 0.00000E+00 0.00000E+00 0.00000E+00 0.00000E+00 % lost data
5.58411E+02 2.15189E+09 2.31984E+09 2.59993E+09 2.90042E+09 3.22916E+09 3.57760E+09 3.92417E+09 4.24962E+09 4.53580E+09 4.77629E+09 4.97739E+09 % total
];

MAT_un_INH_TOX = [
4.79556E+04 3.62229E+04 2.69717E+04 1.94266E+04 1.34271E+04 8.84939E+03 5.54550E+03 3.31308E+03 1.90430E+03 1.06862E+03 5.95485E+02 3.36052E+02 % U235
5.21324E+04 5.13765E+04 5.05181E+04 4.95640E+04 4.85132E+04 4.73653E+04 4.61248E+04 4.48054E+04 4.34269E+04 4.20145E+04 4.05895E+04 3.91649E+04 % U238
0.00000E+00 0.00000E+00 0.00000E+00 0.00000E+00 0.00000E+00 0.00000E+00 0.00000E+00 0.00000E+00 0.00000E+00 0.00000E+00 0.00000E+00 0.00000E+00 % lost data
1.00088E+05 1.06722E+10 3.18274E+10 6.96550E+10 1.24634E+11 1.95707E+11 2.79732E+11 3.71623E+11 4.65069E+11 5.54226E+11 6.34665E+11 7.04187E+11 % total
];

TOT_VOLUME = [ 6.19987E+04 6.19987E+04 6.19987E+04 6.19987E+04 6.19987E+04 6.19987E+04 6.19987E+04 6.19987E+04 6.19987E+04 6.19987E+04 6.19987E+04 6.19987E+04 ];

TOT_BURNUP = [ 0.00000E+00 2.45601E+01 4.91205E+01 7.36814E+01 9.82426E+01 1.22804E+02 1.47367E+02 1.71930E+02 1.96493E+02 2.21056E+02 2.45620E+02 2.70184E+02 ];

TOT_ADENS = [
2.91585E-03 2.20247E-03 1.63996E-03 1.18120E-03 8.16408E-04 5.38070E-04 3.37183E-04 2.01445E-04 1.15787E-04 6.49754E-05 3.62073E-05 2.04330E-05 % U235
2.13805E-02 2.10705E-02 2.07184E-02 2.03271E-02 1.98961E-02 1.94254E-02 1.89166E-02 1.83755E-02 1.78102E-02 1.72309E-02 1.66465E-02 1.60622E-02 % U238
0.00000E+00 0.00000E+00 0.00000E+00 0.00000E+00 0.00000E+00 0.00000E+00 0.00000E+00 0.00000E+00 0.00000E+00 0.00000E+00 0.00000E+00 0.00000E+00 % lost data
7.28962E-02 7.35363E-02 7.41566E-02 7.47797E-02 7.54037E-02 7.60282E-02 7.66533E-02 7.72790E-02 7.79056E-02 7.85329E-02 7.91608E-02 7.97897E-02 % total
];

TOT_MASS = [
7.05591E+04 5.32963E+04 3.96845E+04 2.85831E+04 1.97558E+04 1.30205E+04 8.15932E+03 4.87467E+03 2.80187E+03 1.57231E+03 8.76162E+02 4.94447E+02 % U235
5.23992E+05 5.16395E+05 5.07767E+05 4.98176E+05 4.87615E+05 4.76077E+05 4.63609E+05 4.50347E+05 4.36492E+05 4.22295E+05 4.07973E+05 3.93654E+05 % U238
0.00000E+00 0.00000E+00 0.00000E+00 0.00000E+00 0.00000E+00 0.00000E+00 0.00000E+00 0.00000E+00 0.00000E+00 0.00000E+00 0.00000E+00 0.00000E+00 % lost data
6.69585E+05 6.69531E+05 6.69491E+05 6.69464E+05 6.69450E+05 6.69449E+05 6.69463E+05 6.69490E+05 6.69529E+05 6.69576E+05 6.69630E+05 6.69688E+05 % total
];

TOT_A = [
5.64183E+09 4.26152E+09 3.17314E+09 2.28548E+09 1.57966E+09 1.04110E+09 6.52411E+08 3.89774E+08 2.24035E+08 1.25720E+08 7.00570E+07 3.95355E+07 % U235
6.51655E+09 6.42207E+09 6.31476E+09 6.19550E+09 6.06415E+09 5.92066E+09 5.76560E+09 5.60067E+09 5.42837E+09 5.25181E+09 5.07369E+09 4.89561E+09 % U238
0.00000E+00 0.00000E+00 0.00000E+00 0.00000E+00 0.00000E+00 0.00000E+00 0.00000E+00 0.00000E+00 0.00000E+00 0.00000E+00 0.00000E+00 0.00000E+00 % lost data
1.21584E+10 4.27283E+18 4.22978E+18 4.38299E+18 4.51117E+18 4.63605E+18 4.75981E+18 4.86751E+18 4.95378E+18 5.00854E+18 5.03716E+18 5.05571E+18 % total
];

