
ZAI = [
922350
922380
666
0
];

NAMES = [
'U235            '
'U238            '
'lost            '
'total           '
];

i922350 = 1; iU235             = 1;
i922380 = 2; iU238             = 2;
iLOST    = 3;
iTOT     = 4;

MAT_un_VOLUME = [ 2.48056E+05 2.48056E+05 2.48056E+05 2.48056E+05 2.48056E+05 2.48056E+05 2.48056E+05 2.48056E+05 2.48056E+05 ];

MAT_un_BURNUP = [ 0.00000E+00 6.13801E+00 1.22760E+01 1.84140E+01 2.45520E+01 3.06901E+01 3.68281E+01 4.29662E+01 4.91042E+01 ];

MAT_un_ADENS = [
2.91585E-03 2.72198E-03 2.54228E-03 2.37378E-03 2.21500E-03 2.06502E-03 1.92313E-03 1.78884E-03 1.66170E-03 % U235
2.13805E-02 2.12936E-02 2.12029E-02 2.11091E-02 2.10122E-02 2.09124E-02 2.08098E-02 2.07045E-02 2.05966E-02 % U238
0.00000E+00 0.00000E+00 0.00000E+00 0.00000E+00 0.00000E+00 0.00000E+00 0.00000E+00 0.00000E+00 0.00000E+00 % lost data
7.28962E-02 7.30538E-02 7.32107E-02 7.33674E-02 7.35239E-02 7.36805E-02 7.38371E-02 7.39939E-02 7.41510E-02 % total
];

MAT_un_MDENS = [
1.13807E+00 1.06240E+00 9.92269E-01 9.26499E-01 8.64530E-01 8.05989E-01 7.50611E-01 6.98194E-01 6.48573E-01 % U235
8.45167E+00 8.41733E+00 8.38150E+00 8.34442E+00 8.30611E+00 8.26666E+00 8.22611E+00 8.18446E+00 8.14181E+00 % U238
0.00000E+00 0.00000E+00 0.00000E+00 0.00000E+00 0.00000E+00 0.00000E+00 0.00000E+00 0.00000E+00 0.00000E+00 % lost data
1.08000E+01 1.07998E+01 1.07996E+01 1.07994E+01 1.07993E+01 1.07991E+01 1.07990E+01 1.07989E+01 1.07988E+01 % total
];

MAT_un_A = [
2.25729E+10 2.10721E+10 1.96810E+10 1.83765E+10 1.71474E+10 1.59863E+10 1.48879E+10 1.38482E+10 1.28640E+10 % U235
2.60727E+10 2.59667E+10 2.58562E+10 2.57418E+10 2.56237E+10 2.55019E+10 2.53768E+10 2.52484E+10 2.51168E+10 % U238
0.00000E+00 0.00000E+00 0.00000E+00 0.00000E+00 0.00000E+00 0.00000E+00 0.00000E+00 0.00000E+00 0.00000E+00 % lost data
4.86457E+10 4.31520E+18 4.33242E+18 4.36230E+18 4.39178E+18 4.42212E+18 4.45376E+18 4.48726E+18 4.52116E+18 % total
];

MAT_un_H = [
1.69216E-02 1.57965E-02 1.47537E-02 1.37758E-02 1.28544E-02 1.19839E-02 1.11606E-02 1.03812E-02 9.64339E-03 % U235
1.78374E-02 1.77649E-02 1.76893E-02 1.76111E-02 1.75302E-02 1.74469E-02 1.73614E-02 1.72735E-02 1.71834E-02 % U238
0.00000E+00 0.00000E+00 0.00000E+00 0.00000E+00 0.00000E+00 0.00000E+00 0.00000E+00 0.00000E+00 0.00000E+00 % lost data
3.47590E-02 1.29882E+06 1.28344E+06 1.27641E+06 1.27083E+06 1.26677E+06 1.26394E+06 1.26216E+06 1.26126E+06 % total
];

MAT_un_SF = [
1.62525E+00 1.51719E+00 1.41703E+00 1.32311E+00 1.23461E+00 1.15101E+00 1.07193E+00 9.97072E-01 9.26209E-01 % U235
1.42357E+04 1.41778E+04 1.41175E+04 1.40550E+04 1.39905E+04 1.39241E+04 1.38558E+04 1.37856E+04 1.37138E+04 % U238
0.00000E+00 0.00000E+00 0.00000E+00 0.00000E+00 0.00000E+00 0.00000E+00 0.00000E+00 0.00000E+00 0.00000E+00 % lost data
1.42373E+04 4.27178E+05 4.91058E+06 2.07002E+07 5.40929E+07 1.09324E+08 1.89239E+08 2.96575E+08 4.33927E+08 % total
];

MAT_un_GSRC = [
2.85211E+10 2.66247E+10 2.48671E+10 2.32188E+10 2.16658E+10 2.01987E+10 1.88109E+10 1.74973E+10 1.62538E+10 % U235
2.30883E+09 2.29945E+09 2.28966E+09 2.27953E+09 2.26907E+09 2.25829E+09 2.24721E+09 2.23583E+09 2.22418E+09 % U238
0.00000E+00 0.00000E+00 0.00000E+00 0.00000E+00 0.00000E+00 0.00000E+00 0.00000E+00 0.00000E+00 0.00000E+00 % lost data
3.08299E+10 4.71229E+18 4.71541E+18 4.74030E+18 4.76550E+18 4.79104E+18 4.81729E+18 4.84508E+18 4.87273E+18 % total
];

MAT_un_ING_TOX = [
1.06093E+03 9.90388E+02 9.25008E+02 8.63696E+02 8.05927E+02 7.51354E+02 6.99731E+02 6.50866E+02 6.04609E+02 % U235
1.17327E+03 1.16850E+03 1.16353E+03 1.15838E+03 1.15306E+03 1.14759E+03 1.14196E+03 1.13618E+03 1.13026E+03 % U238
0.00000E+00 0.00000E+00 0.00000E+00 0.00000E+00 0.00000E+00 0.00000E+00 0.00000E+00 0.00000E+00 0.00000E+00 % lost data
2.23420E+03 2.11666E+09 2.24859E+09 2.37313E+09 2.50085E+09 2.63626E+09 2.78087E+09 2.93594E+09 3.10124E+09 % total
];

MAT_un_INH_TOX = [
1.91870E+05 1.79113E+05 1.67289E+05 1.56200E+05 1.45753E+05 1.35883E+05 1.26547E+05 1.17710E+05 1.09344E+05 % U235
2.08582E+05 2.07734E+05 2.06850E+05 2.05935E+05 2.04989E+05 2.04016E+05 2.03015E+05 2.01987E+05 2.00934E+05 % U238
0.00000E+00 0.00000E+00 0.00000E+00 0.00000E+00 0.00000E+00 0.00000E+00 0.00000E+00 0.00000E+00 0.00000E+00 % lost data
4.00452E+05 7.23768E+09 1.38751E+10 2.47478E+10 4.08790E+10 6.28229E+10 9.09116E+10 1.25380E+11 1.66356E+11 % total
];

TOT_VOLUME = [ 2.48056E+05 2.48056E+05 2.48056E+05 2.48056E+05 2.48056E+05 2.48056E+05 2.48056E+05 2.48056E+05 2.48056E+05 ];

TOT_BURNUP = [ 0.00000E+00 6.13801E+00 1.22760E+01 1.84140E+01 2.45520E+01 3.06901E+01 3.68281E+01 4.29662E+01 4.91042E+01 ];

TOT_ADENS = [
2.91585E-03 2.72198E-03 2.54228E-03 2.37378E-03 2.21500E-03 2.06502E-03 1.92313E-03 1.78884E-03 1.66170E-03 % U235
2.13805E-02 2.12936E-02 2.12029E-02 2.11091E-02 2.10122E-02 2.09124E-02 2.08098E-02 2.07045E-02 2.05966E-02 % U238
0.00000E+00 0.00000E+00 0.00000E+00 0.00000E+00 0.00000E+00 0.00000E+00 0.00000E+00 0.00000E+00 0.00000E+00 % lost data
7.28962E-02 7.30538E-02 7.32107E-02 7.33674E-02 7.35239E-02 7.36805E-02 7.38371E-02 7.39939E-02 7.41510E-02 % total
];

TOT_MASS = [
2.82306E+05 2.63536E+05 2.46139E+05 2.29824E+05 2.14452E+05 1.99931E+05 1.86194E+05 1.73191E+05 1.60883E+05 % U235
2.09649E+06 2.08797E+06 2.07908E+06 2.06989E+06 2.06038E+06 2.05060E+06 2.04054E+06 2.03021E+06 2.01963E+06 % U238
0.00000E+00 0.00000E+00 0.00000E+00 0.00000E+00 0.00000E+00 0.00000E+00 0.00000E+00 0.00000E+00 0.00000E+00 % lost data
2.67901E+06 2.67896E+06 2.67891E+06 2.67886E+06 2.67882E+06 2.67879E+06 2.67875E+06 2.67873E+06 2.67870E+06 % total
];

TOT_A = [
2.25729E+10 2.10721E+10 1.96810E+10 1.83765E+10 1.71474E+10 1.59863E+10 1.48879E+10 1.38482E+10 1.28640E+10 % U235
2.60727E+10 2.59667E+10 2.58562E+10 2.57418E+10 2.56237E+10 2.55019E+10 2.53768E+10 2.52484E+10 2.51168E+10 % U238
0.00000E+00 0.00000E+00 0.00000E+00 0.00000E+00 0.00000E+00 0.00000E+00 0.00000E+00 0.00000E+00 0.00000E+00 % lost data
4.86457E+10 4.31520E+18 4.33242E+18 4.36230E+18 4.39178E+18 4.42212E+18 4.45376E+18 4.48726E+18 4.52116E+18 % total
];

TOT_H = [
1.69216E-02 1.57965E-02 1.47537E-02 1.37758E-02 1.28544E-02 1.19839E-02 1.11606E-02 1.03812E-02 9.64339E-03 % U235
1.78374E-02 1.77649E-02 1.76893E-02 1.76111E-02 1.75302E-02 1.74469E-02 1.73614E-02 1.72735E-02 1.71834E-02 % U238
0.00000E+00 0.00000E+00 0.00000E+00 0.00000E+00 0.00000E+00 0.00000E+00 0.00000E+00 0.00000E+00 0.00000E+00 % lost data
3.47590E-02 1.29882E+06 1.28344E+06 1.27641E+06 1.27083E+06 1.26677E+06 1.26394E+06 1.26216E+06 1.26126E+06 % total
];

TOT_SF = [
1.62525E+00 1.51719E+00 1.41703E+00 1.32311E+00 1.23461E+00 1.15101E+00 1.07193E+00 9.97072E-01 9.26209E-01 % U235
1.42357E+04 1.41778E+04 1.41175E+04 1.40550E+04 1.39905E+04 1.39241E+04 1.38558E+04 1.37856E+04 1.37138E+04 % U238
0.00000E+00 0.00000E+00 0.00000E+00 0.00000E+00 0.00000E+00 0.00000E+00 0.00000E+00 0.00000E+00 0.00000E+00 % lost data
1.42373E+04 4.27178E+05 4.91058E+06 2.07002E+07 5.40929E+07 1.09324E+08 1.89239E+08 2.96575E+08 4.33927E+08 % total
];

TOT_GSRC = [
2.85211E+10 2.66247E+10 2.48671E+10 2.32188E+10 2.16658E+10 2.01987E+10 1.88109E+10 1.74973E+10 1.62538E+10 % U235
2.30883E+09 2.29945E+09 2.28966E+09 2.27953E+09 2.26907E+09 2.25829E+09 2.24721E+09 2.23583E+09 2.22418E+09 % U238
0.00000E+00 0.00000E+00 0.00000E+00 0.00000E+00 0.00000E+00 0.00000E+00 0.00000E+00 0.00000E+00 0.00000E+00 % lost data
3.08299E+10 4.71229E+18 4.71541E+18 4.74030E+18 4.76550E+18 4.79104E+18 4.81729E+18 4.84508E+18 4.87273E+18 % total
];

