
ZAI = [
922350
922380
666
0
];

NAMES = [
'U235            '
'U238            '
'lost            '
'total           '
];

i922350 = 1; iU235             = 1;
i922380 = 2; iU238             = 2;
iLOST    = 3;
iTOT     = 4;

MAT_un_VOLUME = [ 2.48055E+05 2.48055E+05 2.48055E+05 2.48055E+05 2.48055E+05 2.48055E+05 2.48055E+05 2.48055E+05 2.48055E+05 2.48055E+05 2.48055E+05 ];

MAT_un_BURNUP = [ 0.00000E+00 4.62119E+00 9.24237E+00 1.38636E+01 1.84847E+01 2.31059E+01 2.77271E+01 3.23483E+01 3.69695E+01 4.15907E+01 4.62119E+01 ];

MAT_un_ADENS = [
4.83387E-03 4.67931E-03 4.52881E-03 4.38201E-03 4.23865E-03 4.09851E-03 3.96144E-03 3.82731E-03 3.69605E-03 3.56758E-03 3.44185E-03 % U235
1.93936E-02 1.93407E-02 1.92865E-02 1.92312E-02 1.91747E-02 1.91171E-02 1.90585E-02 1.89986E-02 1.89377E-02 1.88757E-02 1.88125E-02 % U238
0.00000E+00 0.00000E+00 0.00000E+00 0.00000E+00 0.00000E+00 0.00000E+00 0.00000E+00 0.00000E+00 0.00000E+00 0.00000E+00 0.00000E+00 % lost data
7.26897E-02 7.28077E-02 7.29256E-02 7.30433E-02 7.31611E-02 7.32787E-02 7.33964E-02 7.35141E-02 7.36317E-02 7.37495E-02 7.38673E-02 % total
];

MAT_un_MDENS = [
1.88669E+00 1.82636E+00 1.76762E+00 1.71033E+00 1.65437E+00 1.59967E+00 1.54617E+00 1.49382E+00 1.44259E+00 1.39245E+00 1.34338E+00 % U235
7.66628E+00 7.64536E+00 7.62394E+00 7.60206E+00 7.57975E+00 7.55699E+00 7.53379E+00 7.51014E+00 7.48607E+00 7.46155E+00 7.43658E+00 % U238
0.00000E+00 0.00000E+00 0.00000E+00 0.00000E+00 0.00000E+00 0.00000E+00 0.00000E+00 0.00000E+00 0.00000E+00 0.00000E+00 0.00000E+00 % lost data
1.08000E+01 1.07998E+01 1.07997E+01 1.07995E+01 1.07993E+01 1.07992E+01 1.07991E+01 1.07989E+01 1.07988E+01 1.07987E+01 1.07986E+01 % total
];

MAT_un_A = [
3.74211E+10 3.62245E+10 3.50595E+10 3.39230E+10 3.28132E+10 3.17283E+10 3.06672E+10 2.96289E+10 2.86128E+10 2.76182E+10 2.66449E+10 % U235
2.36497E+10 2.35852E+10 2.35191E+10 2.34516E+10 2.33828E+10 2.33126E+10 2.32410E+10 2.31680E+10 2.30938E+10 2.30181E+10 2.29411E+10 % U238
0.00000E+00 0.00000E+00 0.00000E+00 0.00000E+00 0.00000E+00 0.00000E+00 0.00000E+00 0.00000E+00 0.00000E+00 0.00000E+00 0.00000E+00 % lost data
6.10708E+10 3.13959E+18 3.15932E+18 3.17389E+18 3.18687E+18 3.20020E+18 3.21404E+18 3.22851E+18 3.24270E+18 3.25803E+18 3.27392E+18 % total
];

MAT_un_H = [
2.80523E-02 2.71554E-02 2.62820E-02 2.54301E-02 2.45981E-02 2.37848E-02 2.29894E-02 2.22110E-02 2.14493E-02 2.07037E-02 1.99741E-02 % U235
1.61798E-02 1.61356E-02 1.60904E-02 1.60442E-02 1.59971E-02 1.59491E-02 1.59001E-02 1.58502E-02 1.57994E-02 1.57477E-02 1.56950E-02 % U238
0.00000E+00 0.00000E+00 0.00000E+00 0.00000E+00 0.00000E+00 0.00000E+00 0.00000E+00 0.00000E+00 0.00000E+00 0.00000E+00 0.00000E+00 % lost data
4.42321E-02 9.72491E+05 9.69708E+05 9.67251E+05 9.65000E+05 9.63065E+05 9.61512E+05 9.60206E+05 9.59134E+05 9.58325E+05 9.57777E+05 % total
];

MAT_un_SF = [
2.69432E+00 2.60817E+00 2.52428E+00 2.44246E+00 2.36255E+00 2.28444E+00 2.20804E+00 2.13328E+00 2.06012E+00 1.98851E+00 1.91843E+00 % U235
1.29127E+04 1.28775E+04 1.28414E+04 1.28046E+04 1.27670E+04 1.27287E+04 1.26896E+04 1.26498E+04 1.26092E+04 1.25679E+04 1.25258E+04 % U238
0.00000E+00 0.00000E+00 0.00000E+00 0.00000E+00 0.00000E+00 0.00000E+00 0.00000E+00 0.00000E+00 0.00000E+00 0.00000E+00 0.00000E+00 % lost data
1.29154E+04 7.75887E+04 5.39210E+05 2.20021E+06 6.10046E+06 1.32553E+07 2.45650E+07 4.07778E+07 6.25610E+07 9.04315E+07 1.24911E+08 % total
];

MAT_un_GSRC = [
4.72818E+10 4.57699E+10 4.42979E+10 4.28620E+10 4.14597E+10 4.00889E+10 3.87482E+10 3.74363E+10 3.61524E+10 3.48958E+10 3.36659E+10 % U235
2.09427E+09 2.08855E+09 2.08270E+09 2.07672E+09 2.07063E+09 2.06441E+09 2.05807E+09 2.05161E+09 2.04504E+09 2.03834E+09 2.03152E+09 % U238
0.00000E+00 0.00000E+00 0.00000E+00 0.00000E+00 0.00000E+00 0.00000E+00 0.00000E+00 0.00000E+00 0.00000E+00 0.00000E+00 0.00000E+00 % lost data
4.93760E+10 3.41612E+18 3.42539E+18 3.43622E+18 3.44674E+18 3.45794E+18 3.46973E+18 3.48210E+18 3.49395E+18 3.50701E+18 3.52055E+18 % total
];

MAT_un_ING_TOX = [
1.75879E+03 1.70255E+03 1.64779E+03 1.59438E+03 1.54222E+03 1.49123E+03 1.44136E+03 1.39256E+03 1.34480E+03 1.29806E+03 1.25231E+03 % U235
1.06424E+03 1.06133E+03 1.05836E+03 1.05532E+03 1.05223E+03 1.04907E+03 1.04584E+03 1.04256E+03 1.03922E+03 1.03582E+03 1.03235E+03 % U238
0.00000E+00 0.00000E+00 0.00000E+00 0.00000E+00 0.00000E+00 0.00000E+00 0.00000E+00 0.00000E+00 0.00000E+00 0.00000E+00 0.00000E+00 % lost data
2.82303E+03 1.53771E+09 1.62752E+09 1.70121E+09 1.77238E+09 1.84434E+09 1.91813E+09 1.99427E+09 2.07292E+09 2.15516E+09 2.24126E+09 % total
];

MAT_un_INH_TOX = [
3.18079E+05 3.07909E+05 2.98005E+05 2.88346E+05 2.78912E+05 2.69691E+05 2.60671E+05 2.51845E+05 2.43208E+05 2.34755E+05 2.26481E+05 % U235
1.89198E+05 1.88681E+05 1.88153E+05 1.87613E+05 1.87062E+05 1.86500E+05 1.85928E+05 1.85344E+05 1.84750E+05 1.84145E+05 1.83529E+05 % U238
0.00000E+00 0.00000E+00 0.00000E+00 0.00000E+00 0.00000E+00 0.00000E+00 0.00000E+00 0.00000E+00 0.00000E+00 0.00000E+00 0.00000E+00 % lost data
5.07277E+05 4.66383E+09 7.30199E+09 1.07993E+10 1.56388E+10 2.21320E+10 3.05307E+10 4.10404E+10 5.38472E+10 6.91126E+10 8.69963E+10 % total
];

TOT_VOLUME = [ 2.48055E+05 2.48055E+05 2.48055E+05 2.48055E+05 2.48055E+05 2.48055E+05 2.48055E+05 2.48055E+05 2.48055E+05 2.48055E+05 2.48055E+05 ];

TOT_BURNUP = [ 0.00000E+00 4.62119E+00 9.24237E+00 1.38636E+01 1.84847E+01 2.31059E+01 2.77271E+01 3.23483E+01 3.69695E+01 4.15907E+01 4.62119E+01 ];

TOT_ADENS = [
4.83387E-03 4.67931E-03 4.52881E-03 4.38201E-03 4.23865E-03 4.09851E-03 3.96144E-03 3.82731E-03 3.69605E-03 3.56758E-03 3.44185E-03 % U235
1.93936E-02 1.93407E-02 1.92865E-02 1.92312E-02 1.91747E-02 1.91171E-02 1.90585E-02 1.89986E-02 1.89377E-02 1.88757E-02 1.88125E-02 % U238
0.00000E+00 0.00000E+00 0.00000E+00 0.00000E+00 0.00000E+00 0.00000E+00 0.00000E+00 0.00000E+00 0.00000E+00 0.00000E+00 0.00000E+00 % lost data
7.26897E-02 7.28077E-02 7.29256E-02 7.30433E-02 7.31611E-02 7.32787E-02 7.33964E-02 7.35141E-02 7.36317E-02 7.37495E-02 7.38673E-02 % total
];

TOT_MASS = [
4.68003E+05 4.53039E+05 4.38468E+05 4.24255E+05 4.10375E+05 3.96807E+05 3.83536E+05 3.70551E+05 3.57843E+05 3.45405E+05 3.33231E+05 % U235
1.90166E+06 1.89647E+06 1.89116E+06 1.88573E+06 1.88020E+06 1.87455E+06 1.86880E+06 1.86293E+06 1.85696E+06 1.85088E+06 1.84468E+06 % U238
0.00000E+00 0.00000E+00 0.00000E+00 0.00000E+00 0.00000E+00 0.00000E+00 0.00000E+00 0.00000E+00 0.00000E+00 0.00000E+00 0.00000E+00 % lost data
2.67900E+06 2.67895E+06 2.67891E+06 2.67887E+06 2.67883E+06 2.67880E+06 2.67876E+06 2.67873E+06 2.67870E+06 2.67867E+06 2.67864E+06 % total
];

TOT_A = [
3.74211E+10 3.62245E+10 3.50595E+10 3.39230E+10 3.28132E+10 3.17283E+10 3.06672E+10 2.96289E+10 2.86128E+10 2.76182E+10 2.66449E+10 % U235
2.36497E+10 2.35852E+10 2.35191E+10 2.34516E+10 2.33828E+10 2.33126E+10 2.32410E+10 2.31680E+10 2.30938E+10 2.30181E+10 2.29411E+10 % U238
0.00000E+00 0.00000E+00 0.00000E+00 0.00000E+00 0.00000E+00 0.00000E+00 0.00000E+00 0.00000E+00 0.00000E+00 0.00000E+00 0.00000E+00 % lost data
6.10708E+10 3.13959E+18 3.15932E+18 3.17389E+18 3.18687E+18 3.20020E+18 3.21404E+18 3.22851E+18 3.24270E+18 3.25803E+18 3.27392E+18 % total
];

TOT_H = [
2.80523E-02 2.71554E-02 2.62820E-02 2.54301E-02 2.45981E-02 2.37848E-02 2.29894E-02 2.22110E-02 2.14493E-02 2.07037E-02 1.99741E-02 % U235
1.61798E-02 1.61356E-02 1.60904E-02 1.60442E-02 1.59971E-02 1.59491E-02 1.59001E-02 1.58502E-02 1.57994E-02 1.57477E-02 1.56950E-02 % U238
0.00000E+00 0.00000E+00 0.00000E+00 0.00000E+00 0.00000E+00 0.00000E+00 0.00000E+00 0.00000E+00 0.00000E+00 0.00000E+00 0.00000E+00 % lost data
4.42321E-02 9.72491E+05 9.69708E+05 9.67251E+05 9.65000E+05 9.63065E+05 9.61512E+05 9.60206E+05 9.59134E+05 9.58325E+05 9.57777E+05 % total
];

