
ZAI = [
922350
922380
666
0
];

NAMES = [
'U235            '
'U238            '
'lost            '
'total           '
];

i922350 = 1; iU235             = 1;
i922380 = 2; iU238             = 2;
iLOST    = 3;
iTOT     = 4;

MAT_un_VOLUME = [ 2.48660E+05 2.48660E+05 2.48660E+05 2.48660E+05 2.48660E+05 2.48660E+05 2.48660E+05 2.48660E+05 2.48660E+05 2.48660E+05 2.48660E+05 ];

MAT_un_BURNUP = [ 0.00000E+00 4.60995E+00 9.21990E+00 1.38298E+01 1.84398E+01 2.30497E+01 2.76597E+01 3.22696E+01 3.68796E+01 4.14895E+01 4.60995E+01 ];

MAT_un_ADENS = [
4.83387E-03 4.68010E-03 4.53033E-03 4.38419E-03 4.24143E-03 4.10184E-03 3.96526E-03 3.83162E-03 3.70078E-03 3.57268E-03 3.44725E-03 % U235
1.93936E-02 1.93421E-02 1.92893E-02 1.92355E-02 1.91806E-02 1.91246E-02 1.90676E-02 1.90095E-02 1.89503E-02 1.88901E-02 1.88288E-02 % U238
0.00000E+00 0.00000E+00 0.00000E+00 0.00000E+00 0.00000E+00 0.00000E+00 0.00000E+00 0.00000E+00 0.00000E+00 0.00000E+00 0.00000E+00 % lost data
7.26897E-02 7.28074E-02 7.29250E-02 7.30425E-02 7.31599E-02 7.32773E-02 7.33947E-02 7.35121E-02 7.36295E-02 7.37469E-02 7.38644E-02 % total
];

MAT_un_MDENS = [
1.88669E+00 1.82667E+00 1.76821E+00 1.71118E+00 1.65546E+00 1.60097E+00 1.54767E+00 1.49550E+00 1.44444E+00 1.39444E+00 1.34548E+00 % U235
7.66628E+00 7.64590E+00 7.62505E+00 7.60377E+00 7.58207E+00 7.55995E+00 7.53739E+00 7.51443E+00 7.49105E+00 7.46725E+00 7.44302E+00 % U238
0.00000E+00 0.00000E+00 0.00000E+00 0.00000E+00 0.00000E+00 0.00000E+00 0.00000E+00 0.00000E+00 0.00000E+00 0.00000E+00 0.00000E+00 % lost data
1.08000E+01 1.07998E+01 1.07997E+01 1.07995E+01 1.07993E+01 1.07992E+01 1.07990E+01 1.07989E+01 1.07988E+01 1.07986E+01 1.07985E+01 % total
];

MAT_un_A = [
3.75123E+10 3.63190E+10 3.51567E+10 3.40226E+10 3.29147E+10 3.18315E+10 3.07716E+10 2.97345E+10 2.87191E+10 2.77251E+10 2.67517E+10 % U235
2.37074E+10 2.36443E+10 2.35798E+10 2.35141E+10 2.34470E+10 2.33785E+10 2.33088E+10 2.32378E+10 2.31655E+10 2.30919E+10 2.30169E+10 % U238
0.00000E+00 0.00000E+00 0.00000E+00 0.00000E+00 0.00000E+00 0.00000E+00 0.00000E+00 0.00000E+00 0.00000E+00 0.00000E+00 0.00000E+00 % lost data
6.12196E+10 3.12963E+18 3.14881E+18 3.16238E+18 3.17544E+18 3.18835E+18 3.20206E+18 3.21505E+18 3.22936E+18 3.24383E+18 3.25902E+18 % total
];

MAT_un_H = [
2.81207E-02 2.72262E-02 2.63549E-02 2.55047E-02 2.46742E-02 2.38622E-02 2.30677E-02 2.22902E-02 2.15290E-02 2.07838E-02 2.00541E-02 % U235
1.62192E-02 1.61761E-02 1.61320E-02 1.60869E-02 1.60410E-02 1.59942E-02 1.59465E-02 1.58979E-02 1.58485E-02 1.57981E-02 1.57469E-02 % U238
0.00000E+00 0.00000E+00 0.00000E+00 0.00000E+00 0.00000E+00 0.00000E+00 0.00000E+00 0.00000E+00 0.00000E+00 0.00000E+00 0.00000E+00 % lost data
4.43399E-02 9.71805E+05 9.69045E+05 9.66560E+05 9.64363E+05 9.62453E+05 9.60880E+05 9.59498E+05 9.58461E+05 9.57614E+05 9.57014E+05 % total
];

MAT_un_SF = [
2.70088E+00 2.61497E+00 2.53128E+00 2.44963E+00 2.36986E+00 2.29187E+00 2.21556E+00 2.14088E+00 2.06778E+00 1.99621E+00 1.92612E+00 % U235
1.29442E+04 1.29098E+04 1.28746E+04 1.28387E+04 1.28020E+04 1.27647E+04 1.27266E+04 1.26878E+04 1.26484E+04 1.26082E+04 1.25673E+04 % U238
0.00000E+00 0.00000E+00 0.00000E+00 0.00000E+00 0.00000E+00 0.00000E+00 0.00000E+00 0.00000E+00 0.00000E+00 0.00000E+00 0.00000E+00 % lost data
1.29469E+04 7.60391E+04 5.20802E+05 2.11589E+06 5.86584E+06 1.27546E+07 2.36572E+07 3.93024E+07 6.03370E+07 8.71827E+07 1.20434E+08 % total
];

MAT_un_GSRC = [
4.73970E+10 4.58893E+10 4.44207E+10 4.29878E+10 4.15880E+10 4.02193E+10 3.88802E+10 3.75697E+10 3.62868E+10 3.50308E+10 3.38009E+10 % U235
2.09937E+09 2.09379E+09 2.08808E+09 2.08225E+09 2.07631E+09 2.07025E+09 2.06408E+09 2.05779E+09 2.05139E+09 2.04487E+09 2.03823E+09 % U238
0.00000E+00 0.00000E+00 0.00000E+00 0.00000E+00 0.00000E+00 0.00000E+00 0.00000E+00 0.00000E+00 0.00000E+00 0.00000E+00 0.00000E+00 % lost data
4.94964E+10 3.40398E+18 3.41255E+18 3.42214E+18 3.43272E+18 3.44345E+18 3.45511E+18 3.46573E+18 3.47777E+18 3.48984E+18 3.50259E+18 % total
];

MAT_un_ING_TOX = [
1.76308E+03 1.70699E+03 1.65236E+03 1.59906E+03 1.54699E+03 1.49608E+03 1.44627E+03 1.39752E+03 1.34980E+03 1.30308E+03 1.25733E+03 % U235
1.06683E+03 1.06400E+03 1.06109E+03 1.05813E+03 1.05511E+03 1.05203E+03 1.04889E+03 1.04570E+03 1.04245E+03 1.03913E+03 1.03576E+03 % U238
0.00000E+00 0.00000E+00 0.00000E+00 0.00000E+00 0.00000E+00 0.00000E+00 0.00000E+00 0.00000E+00 0.00000E+00 0.00000E+00 0.00000E+00 % lost data
2.82991E+03 1.53338E+09 1.62261E+09 1.69542E+09 1.76603E+09 1.83710E+09 1.90993E+09 1.98447E+09 2.06195E+09 2.14239E+09 2.22643E+09 % total
];

MAT_un_INH_TOX = [
3.18854E+05 3.08712E+05 2.98832E+05 2.89192E+05 2.79775E+05 2.70568E+05 2.61559E+05 2.52743E+05 2.44113E+05 2.35663E+05 2.27389E+05 % U235
1.89659E+05 1.89155E+05 1.88639E+05 1.88112E+05 1.87576E+05 1.87028E+05 1.86470E+05 1.85902E+05 1.85324E+05 1.84735E+05 1.84136E+05 % U238
0.00000E+00 0.00000E+00 0.00000E+00 0.00000E+00 0.00000E+00 0.00000E+00 0.00000E+00 0.00000E+00 0.00000E+00 0.00000E+00 0.00000E+00 % lost data
5.08513E+05 4.62048E+09 7.19428E+09 1.05838E+10 1.52657E+10 2.15371E+10 2.96387E+10 3.97601E+10 5.20987E+10 6.68037E+10 8.40196E+10 % total
];

TOT_VOLUME = [ 2.48660E+05 2.48660E+05 2.48660E+05 2.48660E+05 2.48660E+05 2.48660E+05 2.48660E+05 2.48660E+05 2.48660E+05 2.48660E+05 2.48660E+05 ];

TOT_BURNUP = [ 0.00000E+00 4.60995E+00 9.21990E+00 1.38298E+01 1.84398E+01 2.30497E+01 2.76597E+01 3.22696E+01 3.68796E+01 4.14895E+01 4.60995E+01 ];

TOT_ADENS = [
4.83387E-03 4.68010E-03 4.53033E-03 4.38419E-03 4.24143E-03 4.10184E-03 3.96526E-03 3.83162E-03 3.70078E-03 3.57268E-03 3.44725E-03 % U235
1.93936E-02 1.93421E-02 1.92893E-02 1.92355E-02 1.91806E-02 1.91246E-02 1.90676E-02 1.90095E-02 1.89503E-02 1.88901E-02 1.88288E-02 % U238
0.00000E+00 0.00000E+00 0.00000E+00 0.00000E+00 0.00000E+00 0.00000E+00 0.00000E+00 0.00000E+00 0.00000E+00 0.00000E+00 0.00000E+00 % lost data
7.26897E-02 7.28074E-02 7.29250E-02 7.30425E-02 7.31599E-02 7.32773E-02 7.33947E-02 7.35121E-02 7.36295E-02 7.37469E-02 7.38644E-02 % total
];

TOT_MASS = [
4.69144E+05 4.54220E+05 4.39684E+05 4.25501E+05 4.11645E+05 3.98098E+05 3.84843E+05 3.71872E+05 3.59173E+05 3.46741E+05 3.34567E+05 % U235
1.90630E+06 1.90123E+06 1.89604E+06 1.89075E+06 1.88536E+06 1.87986E+06 1.87425E+06 1.86854E+06 1.86272E+06 1.85681E+06 1.85078E+06 % U238
0.00000E+00 0.00000E+00 0.00000E+00 0.00000E+00 0.00000E+00 0.00000E+00 0.00000E+00 0.00000E+00 0.00000E+00 0.00000E+00 0.00000E+00 % lost data
2.68553E+06 2.68548E+06 2.68544E+06 2.68540E+06 2.68536E+06 2.68532E+06 2.68529E+06 2.68525E+06 2.68522E+06 2.68519E+06 2.68516E+06 % total
];

TOT_A = [
3.75123E+10 3.63190E+10 3.51567E+10 3.40226E+10 3.29147E+10 3.18315E+10 3.07716E+10 2.97345E+10 2.87191E+10 2.77251E+10 2.67517E+10 % U235
2.37074E+10 2.36443E+10 2.35798E+10 2.35141E+10 2.34470E+10 2.33785E+10 2.33088E+10 2.32378E+10 2.31655E+10 2.30919E+10 2.30169E+10 % U238
0.00000E+00 0.00000E+00 0.00000E+00 0.00000E+00 0.00000E+00 0.00000E+00 0.00000E+00 0.00000E+00 0.00000E+00 0.00000E+00 0.00000E+00 % lost data
6.12196E+10 3.12963E+18 3.14881E+18 3.16238E+18 3.17544E+18 3.18835E+18 3.20206E+18 3.21505E+18 3.22936E+18 3.24383E+18 3.25902E+18 % total
];

TOT_H = [
2.81207E-02 2.72262E-02 2.63549E-02 2.55047E-02 2.46742E-02 2.38622E-02 2.30677E-02 2.22902E-02 2.15290E-02 2.07838E-02 2.00541E-02 % U235
1.62192E-02 1.61761E-02 1.61320E-02 1.60869E-02 1.60410E-02 1.59942E-02 1.59465E-02 1.58979E-02 1.58485E-02 1.57981E-02 1.57469E-02 % U238
0.00000E+00 0.00000E+00 0.00000E+00 0.00000E+00 0.00000E+00 0.00000E+00 0.00000E+00 0.00000E+00 0.00000E+00 0.00000E+00 0.00000E+00 % lost data
4.43399E-02 9.71805E+05 9.69045E+05 9.66560E+05 9.64363E+05 9.62453E+05 9.60880E+05 9.59498E+05 9.58461E+05 9.57614E+05 9.57014E+05 % total
];

