
ZAI = [
922350
922380
666
0
];

NAMES = [
'U235            '
'U238            '
'lost            '
'total           '
];

i922350 = 1; iU235             = 1;
i922380 = 2; iU238             = 2;
iLOST    = 3;
iTOT     = 4;

MAT_un_VOLUME = [ 2.59000E+05 2.59000E+05 2.59000E+05 2.59000E+05 2.59000E+05 ];

MAT_un_BURNUP = [ 0.00000E+00 7.96680E+00 1.59334E+01 2.39000E+01 3.18666E+01 ];

MAT_un_ADENS = [
2.71675E-03 2.48886E-03 2.28071E-03 2.08762E-03 1.90754E-03 % U235
1.96965E-02 1.96026E-02 1.95042E-02 1.94006E-02 1.92931E-02 % U238
0.00000E+00 0.00000E+00 0.00000E+00 0.00000E+00 0.00000E+00 % lost data
6.72463E-02 6.74355E-02 6.76236E-02 6.78114E-02 6.79996E-02 % total
];

MAT_un_MDENS = [
1.06037E+00 9.71418E-01 8.90176E-01 8.14813E-01 7.44525E-01 % U235
7.78599E+00 7.74888E+00 7.70998E+00 7.66904E+00 7.62652E+00 % U238
0.00000E+00 0.00000E+00 0.00000E+00 0.00000E+00 0.00000E+00 % lost data
1.00000E+01 9.99979E+00 9.99959E+00 9.99941E+00 9.99926E+00 % total
];

MAT_un_A = [
2.19595E+10 2.01175E+10 1.84350E+10 1.68743E+10 1.54187E+10 % U235
2.50788E+10 2.49592E+10 2.48340E+10 2.47021E+10 2.45651E+10 % U238
0.00000E+00 0.00000E+00 0.00000E+00 0.00000E+00 0.00000E+00 % lost data
4.70383E+10 2.14095E+18 2.14652E+18 2.17004E+18 2.19394E+18 % total
];

MAT_un_H = [
1.64617E-02 1.50809E-02 1.38196E-02 1.26496E-02 1.15584E-02 % U235
1.71574E-02 1.70757E-02 1.69900E-02 1.68997E-02 1.68060E-02 % U238
0.00000E+00 0.00000E+00 0.00000E+00 0.00000E+00 0.00000E+00 % lost data
3.36192E-02 6.47025E+05 6.37092E+05 6.33630E+05 6.31811E+05 % total
];

MAT_un_SF = [
1.58109E+00 1.44846E+00 1.32732E+00 1.21495E+00 1.11014E+00 % U235
1.36930E+04 1.36277E+04 1.35593E+04 1.34873E+04 1.34126E+04 % U238
0.00000E+00 0.00000E+00 0.00000E+00 0.00000E+00 0.00000E+00 % lost data
1.36946E+04 1.11953E+06 1.26062E+07 4.75259E+07 1.13388E+08 % total
];

MAT_un_GSRC = [
2.77460E+10 2.54186E+10 2.32927E+10 2.13208E+10 1.94816E+10 % U235
2.22082E+09 2.21023E+09 2.19914E+09 2.18746E+09 2.17533E+09 % U238
0.00000E+00 0.00000E+00 0.00000E+00 0.00000E+00 0.00000E+00 % lost data
2.99668E+10 2.26744E+18 2.26901E+18 2.28981E+18 2.30960E+18 % total
];

MAT_un_ING_TOX = [
1.03210E+03 9.45521E+02 8.66445E+02 7.93091E+02 7.24677E+02 % U235
1.12855E+03 1.12317E+03 1.11753E+03 1.11159E+03 1.10543E+03 % U238
0.00000E+00 0.00000E+00 0.00000E+00 0.00000E+00 0.00000E+00 % lost data
2.16064E+03 1.11927E+09 1.22949E+09 1.35316E+09 1.48820E+09 % total
];

MAT_un_INH_TOX = [
1.86656E+05 1.70999E+05 1.56697E+05 1.43431E+05 1.31059E+05 % U235
2.00630E+05 1.99674E+05 1.98672E+05 1.97617E+05 1.96521E+05 % U238
0.00000E+00 0.00000E+00 0.00000E+00 0.00000E+00 0.00000E+00 % lost data
3.87286E+05 6.32157E+09 1.59683E+10 3.39492E+10 6.18812E+10 % total
];

TOT_VOLUME = [ 2.59000E+05 2.59000E+05 2.59000E+05 2.59000E+05 2.59000E+05 ];

TOT_BURNUP = [ 0.00000E+00 7.96680E+00 1.59334E+01 2.39000E+01 3.18666E+01 ];

TOT_ADENS = [
2.71675E-03 2.48886E-03 2.28071E-03 2.08762E-03 1.90754E-03 % U235
1.96965E-02 1.96026E-02 1.95042E-02 1.94006E-02 1.92931E-02 % U238
0.00000E+00 0.00000E+00 0.00000E+00 0.00000E+00 0.00000E+00 % lost data
6.72463E-02 6.74355E-02 6.76236E-02 6.78114E-02 6.79996E-02 % total
];

TOT_MASS = [
2.74635E+05 2.51597E+05 2.30556E+05 2.11037E+05 1.92832E+05 % U235
2.01657E+06 2.00696E+06 1.99688E+06 1.98628E+06 1.97527E+06 % U238
0.00000E+00 0.00000E+00 0.00000E+00 0.00000E+00 0.00000E+00 % lost data
2.59000E+06 2.58994E+06 2.58989E+06 2.58985E+06 2.58981E+06 % total
];

TOT_A = [
2.19595E+10 2.01175E+10 1.84350E+10 1.68743E+10 1.54187E+10 % U235
2.50788E+10 2.49592E+10 2.48340E+10 2.47021E+10 2.45651E+10 % U238
0.00000E+00 0.00000E+00 0.00000E+00 0.00000E+00 0.00000E+00 % lost data
4.70383E+10 2.14095E+18 2.14652E+18 2.17004E+18 2.19394E+18 % total
];

TOT_H = [
1.64617E-02 1.50809E-02 1.38196E-02 1.26496E-02 1.15584E-02 % U235
1.71574E-02 1.70757E-02 1.69900E-02 1.68997E-02 1.68060E-02 % U238
0.00000E+00 0.00000E+00 0.00000E+00 0.00000E+00 0.00000E+00 % lost data
3.36192E-02 6.47025E+05 6.37092E+05 6.33630E+05 6.31811E+05 % total
];

TOT_SF = [
1.58109E+00 1.44846E+00 1.32732E+00 1.21495E+00 1.11014E+00 % U235
1.36930E+04 1.36277E+04 1.35593E+04 1.34873E+04 1.34126E+04 % U238
0.00000E+00 0.00000E+00 0.00000E+00 0.00000E+00 0.00000E+00 % lost data
1.36946E+04 1.11953E+06 1.26062E+07 4.75259E+07 1.13388E+08 % total
];

TOT_GSRC = [
2.77460E+10 2.54186E+10 2.32927E+10 2.13208E+10 1.94816E+10 % U235
2.22082E+09 2.21023E+09 2.19914E+09 2.18746E+09 2.17533E+09 % U238
0.00000E+00 0.00000E+00 0.00000E+00 0.00000E+00 0.00000E+00 % lost data
2.99668E+10 2.26744E+18 2.26901E+18 2.28981E+18 2.30960E+18 % total
];

TOT_ING_TOX = [
1.03210E+03 9.45521E+02 8.66445E+02 7.93091E+02 7.24677E+02 % U235
1.12855E+03 1.12317E+03 1.11753E+03 1.11159E+03 1.10543E+03 % U238
0.00000E+00 0.00000E+00 0.00000E+00 0.00000E+00 0.00000E+00 % lost data
2.16064E+03 1.11927E+09 1.22949E+09 1.35316E+09 1.48820E+09 % total
];

TOT_INH_TOX = [
1.86656E+05 1.70999E+05 1.56697E+05 1.43431E+05 1.31059E+05 % U235
2.00630E+05 1.99674E+05 1.98672E+05 1.97617E+05 1.96521E+05 % U238
0.00000E+00 0.00000E+00 0.00000E+00 0.00000E+00 0.00000E+00 % lost data
3.87286E+05 6.32157E+09 1.59683E+10 3.39492E+10 6.18812E+10 % total
];

BU = [ 0.00000E+00 7.96524E+00 1.59305E+01 2.38957E+01 3.18610E+01 ];

DAYS = [ 0.00000E+00 1.82500E+03 3.65000E+03 5.47500E+03 7.30000E+03 ];
