
DETjin = [
    1    1    1    1    1    1    1    1    1    1  3.53994E+18 0.00062 
];


DETjout = [
    1    1    1    1    1    1    1    1    1    1 -3.90734E+18 0.00062 
];


DETjout_at_outer = [
    1    1    1    1    1    1    1    1    1    1 -2.98331E+17 0.00135 
];

