
DETjin = [
    1    1    1    1    1    1    1    1    1    1  3.54710E+18 0.00057 
];


DETjout = [
    1    1    1    1    1    1    1    1    1    1 -3.91534E+18 0.00058 
];


DETjout_at_outer = [
    1    1    1    1    1    1    1    1    1    1 -2.99401E+17 0.00144 
];

