
DETjin = [
    1    1    1    1    1    1    1    1    1    1  3.56564E+18 0.00070 
];


DETjout = [
    1    1    1    1    1    1    1    1    1    1 -3.93558E+18 0.00071 
];


DETjout_at_outer = [
    1    1    1    1    1    1    1    1    1    1 -3.00608E+17 0.00139 
];

