
DETjin = [
    1    1    1    1    1    1    1    1    1    1  3.53655E+18 0.00063 
];


DETjout = [
    1    1    1    1    1    1    1    1    1    1 -3.90378E+18 0.00064 
];


DETjout_at_outer = [
    1    1    1    1    1    1    1    1    1    1 -2.98331E+17 0.00141 
];

