
DETjin = [
    1    1    1    1    1    1    1    1    1    1  3.54384E+18 0.00066 
];


DETjout = [
    1    1    1    1    1    1    1    1    1    1 -3.91109E+18 0.00067 
];


DETjout_at_outer = [
    1    1    1    1    1    1    1    1    1    1 -2.98515E+17 0.00131 
];

