
DETjin = [
    1    1    1    1    1    1    1    1    1    1  3.56207E+18 0.00411 
];


DETjout = [
    1    1    1    1    1    1    1    1    1    1 -3.91900E+18 0.00410 
];


DETjout_at_outer = [
    1    1    1    1    1    1    1    1    1    1 -2.44526E+17 0.01057 
];

