
DETjin = [
    1    1    1    1    1    1    1    1    1    1  3.54022E+18 0.00063 
];


DETjout = [
    1    1    1    1    1    1    1    1    1    1 -3.90769E+18 0.00063 
];


DETjout_at_outer = [
    1    1    1    1    1    1    1    1    1    1 -2.98548E+17 0.00144 
];

