
DETjin = [
    1    1    1    1    1    1    1    1    1    1  2.61103E+19 0.00058 
];


DETjout = [
    1    1    1    1    1    1    1    1    1    1 -2.82751E+19 0.00057 
];


DETjout_at_outer = [
    1    1    1    1    1    1    1    1    1    1 -1.35352E+18 0.00130 
];

