
DETjin = [
    1    1    1    1    1    1    1    1    1    1  3.55123E+18 0.00072 
];


DETjout = [
    1    1    1    1    1    1    1    1    1    1 -3.91941E+18 0.00073 
];


DETjout_at_outer = [
    1    1    1    1    1    1    1    1    1    1 -2.99545E+17 0.00155 
];

