
DETjin = [
    1    1    1    1    1    1    1    1    1    1  3.55586E+18 0.00064 
];


DETjout = [
    1    1    1    1    1    1    1    1    1    1 -3.92425E+18 0.00064 
];


DETjout_at_outer = [
    1    1    1    1    1    1    1    1    1    1 -2.99589E+17 0.00147 
];

