
ZAI = [
922350
922380
666
0
];

NAMES = [
'U235            '
'U238            '
'lost            '
'total           '
];

i922350 = 1; iU235             = 1;
i922380 = 2; iU238             = 2;
iLOST    = 3;
iTOT     = 4;

MAT_un_VOLUME = [ 2.59977E+05 2.59977E+05 2.59977E+05 2.59977E+05 2.59977E+05 2.59977E+05 2.59977E+05 2.59977E+05 2.59977E+05 2.59977E+05 2.59977E+05 2.59977E+05 ];

MAT_un_BURNUP = [ 0.00000E+00 5.87970E+00 1.17595E+01 1.76392E+01 2.35190E+01 2.93988E+01 3.52786E+01 4.11584E+01 4.70383E+01 5.29182E+01 5.87982E+01 6.46781E+01 ];

MAT_un_ADENS = [
2.93409E-03 2.74720E-03 2.57353E-03 2.41043E-03 2.25657E-03 2.11110E-03 1.97336E-03 1.84287E-03 1.71925E-03 1.60223E-03 1.49147E-03 1.38675E-03 % U235
2.12722E-02 2.11829E-02 2.10897E-02 2.09931E-02 2.08933E-02 2.07903E-02 2.06844E-02 2.05755E-02 2.04639E-02 2.03496E-02 2.02326E-02 2.01130E-02 % U238
0.00000E+00 0.00000E+00 0.00000E+00 0.00000E+00 0.00000E+00 0.00000E+00 0.00000E+00 0.00000E+00 0.00000E+00 0.00000E+00 0.00000E+00 0.00000E+00 % lost data
7.26261E-02 7.27765E-02 7.29262E-02 7.30758E-02 7.32252E-02 7.33746E-02 7.35241E-02 7.36738E-02 7.38237E-02 7.39739E-02 7.41245E-02 7.42756E-02 % total
];

MAT_un_MDENS = [
1.14519E+00 1.07225E+00 1.00446E+00 9.40806E-01 8.80753E-01 8.23974E-01 7.70214E-01 7.19285E-01 6.71036E-01 6.25359E-01 5.82129E-01 5.41259E-01 % U235
8.40887E+00 8.37356E+00 8.33675E+00 8.29857E+00 8.25909E+00 8.21838E+00 8.17651E+00 8.13349E+00 8.08937E+00 8.04416E+00 7.99793E+00 7.95066E+00 % U238
0.00000E+00 0.00000E+00 0.00000E+00 0.00000E+00 0.00000E+00 0.00000E+00 0.00000E+00 0.00000E+00 0.00000E+00 0.00000E+00 0.00000E+00 0.00000E+00 % lost data
1.08000E+01 1.07998E+01 1.07996E+01 1.07995E+01 1.07993E+01 1.07992E+01 1.07991E+01 1.07990E+01 1.07989E+01 1.07989E+01 1.07988E+01 1.07988E+01 % total
];

MAT_un_A = [
2.38057E+10 2.22894E+10 2.08803E+10 1.95570E+10 1.83087E+10 1.71284E+10 1.60108E+10 1.49521E+10 1.39492E+10 1.29996E+10 1.21010E+10 1.12514E+10 % U235
2.71873E+10 2.70731E+10 2.69541E+10 2.68306E+10 2.67030E+10 2.65714E+10 2.64360E+10 2.62969E+10 2.61543E+10 2.60081E+10 2.58586E+10 2.57058E+10 % U238
0.00000E+00 0.00000E+00 0.00000E+00 0.00000E+00 0.00000E+00 0.00000E+00 0.00000E+00 0.00000E+00 0.00000E+00 0.00000E+00 0.00000E+00 0.00000E+00 % lost data
5.09930E+10 4.37046E+18 4.39194E+18 4.42516E+18 4.45728E+18 4.49094E+18 4.52673E+18 4.56200E+18 4.59838E+18 4.63546E+18 4.67249E+18 4.71029E+18 % total
];

MAT_un_H = [
1.78457E-02 1.67090E-02 1.56527E-02 1.46607E-02 1.37249E-02 1.28401E-02 1.20024E-02 1.12087E-02 1.04569E-02 9.74506E-03 9.07141E-03 8.43452E-03 % U235
1.85999E-02 1.85219E-02 1.84404E-02 1.83560E-02 1.82686E-02 1.81786E-02 1.80860E-02 1.79908E-02 1.78932E-02 1.77932E-02 1.76910E-02 1.75864E-02 % U238
0.00000E+00 0.00000E+00 0.00000E+00 0.00000E+00 0.00000E+00 0.00000E+00 0.00000E+00 0.00000E+00 0.00000E+00 0.00000E+00 0.00000E+00 0.00000E+00 % lost data
3.64457E-02 1.30355E+06 1.28898E+06 1.28210E+06 1.27659E+06 1.27265E+06 1.27018E+06 1.26824E+06 1.26730E+06 1.26697E+06 1.26730E+06 1.26797E+06 % total
];

MAT_un_SF = [
1.71401E+00 1.60483E+00 1.50338E+00 1.40811E+00 1.31822E+00 1.23324E+00 1.15278E+00 1.07655E+00 1.00434E+00 9.35974E-01 8.71273E-01 8.10102E-01 % U235
1.48442E+04 1.47819E+04 1.47169E+04 1.46495E+04 1.45798E+04 1.45080E+04 1.44341E+04 1.43581E+04 1.42802E+04 1.42004E+04 1.41188E+04 1.40354E+04 % U238
0.00000E+00 0.00000E+00 0.00000E+00 0.00000E+00 0.00000E+00 0.00000E+00 0.00000E+00 0.00000E+00 0.00000E+00 0.00000E+00 0.00000E+00 0.00000E+00 % lost data
1.48460E+04 4.00382E+05 4.53646E+06 1.92078E+07 5.05590E+07 1.02927E+08 1.79337E+08 2.82732E+08 4.15924E+08 5.82090E+08 7.83774E+08 1.02544E+09 % total
];

MAT_un_GSRC = [
3.00787E+10 2.81628E+10 2.63824E+10 2.47104E+10 2.31331E+10 2.16418E+10 2.02298E+10 1.88921E+10 1.76249E+10 1.64251E+10 1.52897E+10 1.42162E+10 % U235
2.40753E+09 2.39742E+09 2.38688E+09 2.37595E+09 2.36465E+09 2.35299E+09 2.34101E+09 2.32869E+09 2.31606E+09 2.30311E+09 2.28988E+09 2.27634E+09 % U238
0.00000E+00 0.00000E+00 0.00000E+00 0.00000E+00 0.00000E+00 0.00000E+00 0.00000E+00 0.00000E+00 0.00000E+00 0.00000E+00 0.00000E+00 0.00000E+00 % lost data
3.24862E+10 4.77931E+18 4.78771E+18 4.81700E+18 4.84580E+18 4.87565E+18 4.90710E+18 4.93726E+18 4.96807E+18 4.99918E+18 5.02983E+18 5.06115E+18 % total
];

MAT_un_ING_TOX = [
1.11887E+03 1.04760E+03 9.81374E+02 9.19180E+02 8.60507E+02 8.05033E+02 7.52509E+02 7.02750E+02 6.55610E+02 6.10983E+02 5.68748E+02 5.28817E+02 % U235
1.22343E+03 1.21829E+03 1.21293E+03 1.20738E+03 1.20164E+03 1.19571E+03 1.18962E+03 1.18336E+03 1.17694E+03 1.17036E+03 1.16364E+03 1.15676E+03 % U238
0.00000E+00 0.00000E+00 0.00000E+00 0.00000E+00 0.00000E+00 0.00000E+00 0.00000E+00 0.00000E+00 0.00000E+00 0.00000E+00 0.00000E+00 0.00000E+00 % lost data
2.34230E+03 2.13969E+09 2.27447E+09 2.40176E+09 2.53241E+09 2.67155E+09 2.82073E+09 2.97999E+09 3.15071E+09 3.33296E+09 3.52684E+09 3.73297E+09 % total
];

MAT_un_INH_TOX = [
2.02349E+05 1.89460E+05 1.77483E+05 1.66235E+05 1.55624E+05 1.45591E+05 1.36092E+05 1.27093E+05 1.18568E+05 1.10497E+05 1.02859E+05 9.56371E+04 % U235
2.17498E+05 2.16585E+05 2.15633E+05 2.14645E+05 2.13624E+05 2.12571E+05 2.11488E+05 2.10375E+05 2.09234E+05 2.08065E+05 2.06869E+05 2.05646E+05 % U238
0.00000E+00 0.00000E+00 0.00000E+00 0.00000E+00 0.00000E+00 0.00000E+00 0.00000E+00 0.00000E+00 0.00000E+00 0.00000E+00 0.00000E+00 0.00000E+00 % lost data
4.19847E+05 7.43530E+09 1.42468E+10 2.53416E+10 4.17893E+10 6.42379E+10 9.30708E+10 1.28612E+11 1.71048E+11 2.20522E+11 2.76958E+11 3.40485E+11 % total
];

TOT_VOLUME = [ 2.59977E+05 2.59977E+05 2.59977E+05 2.59977E+05 2.59977E+05 2.59977E+05 2.59977E+05 2.59977E+05 2.59977E+05 2.59977E+05 2.59977E+05 2.59977E+05 ];

TOT_BURNUP = [ 0.00000E+00 5.87970E+00 1.17595E+01 1.76392E+01 2.35190E+01 2.93988E+01 3.52786E+01 4.11584E+01 4.70383E+01 5.29182E+01 5.87982E+01 6.46781E+01 ];

TOT_ADENS = [
2.93409E-03 2.74720E-03 2.57353E-03 2.41043E-03 2.25657E-03 2.11110E-03 1.97336E-03 1.84287E-03 1.71925E-03 1.60223E-03 1.49147E-03 1.38675E-03 % U235
2.12722E-02 2.11829E-02 2.10897E-02 2.09931E-02 2.08933E-02 2.07903E-02 2.06844E-02 2.05755E-02 2.04639E-02 2.03496E-02 2.02326E-02 2.01130E-02 % U238
0.00000E+00 0.00000E+00 0.00000E+00 0.00000E+00 0.00000E+00 0.00000E+00 0.00000E+00 0.00000E+00 0.00000E+00 0.00000E+00 0.00000E+00 0.00000E+00 % lost data
7.26261E-02 7.27765E-02 7.29262E-02 7.30758E-02 7.32252E-02 7.33746E-02 7.35241E-02 7.36738E-02 7.38237E-02 7.39739E-02 7.41245E-02 7.42756E-02 % total
];

TOT_MASS = [
2.97724E+05 2.78760E+05 2.61138E+05 2.44588E+05 2.28975E+05 2.14214E+05 2.00238E+05 1.86997E+05 1.74454E+05 1.62579E+05 1.51340E+05 1.40715E+05 % U235
2.18611E+06 2.17693E+06 2.16736E+06 2.15744E+06 2.14717E+06 2.13659E+06 2.12571E+06 2.11452E+06 2.10305E+06 2.09130E+06 2.07928E+06 2.06699E+06 % U238
0.00000E+00 0.00000E+00 0.00000E+00 0.00000E+00 0.00000E+00 0.00000E+00 0.00000E+00 0.00000E+00 0.00000E+00 0.00000E+00 0.00000E+00 0.00000E+00 % lost data
2.80775E+06 2.80770E+06 2.80766E+06 2.80762E+06 2.80758E+06 2.80755E+06 2.80752E+06 2.80750E+06 2.80748E+06 2.80746E+06 2.80745E+06 2.80744E+06 % total
];

TOT_A = [
2.38057E+10 2.22894E+10 2.08803E+10 1.95570E+10 1.83087E+10 1.71284E+10 1.60108E+10 1.49521E+10 1.39492E+10 1.29996E+10 1.21010E+10 1.12514E+10 % U235
2.71873E+10 2.70731E+10 2.69541E+10 2.68306E+10 2.67030E+10 2.65714E+10 2.64360E+10 2.62969E+10 2.61543E+10 2.60081E+10 2.58586E+10 2.57058E+10 % U238
0.00000E+00 0.00000E+00 0.00000E+00 0.00000E+00 0.00000E+00 0.00000E+00 0.00000E+00 0.00000E+00 0.00000E+00 0.00000E+00 0.00000E+00 0.00000E+00 % lost data
5.09930E+10 4.37046E+18 4.39194E+18 4.42516E+18 4.45728E+18 4.49094E+18 4.52673E+18 4.56200E+18 4.59838E+18 4.63546E+18 4.67249E+18 4.71029E+18 % total
];

