
ZAI = [
922350
922380
666
0
];

NAMES = [
'U235            '
'U238            '
'lost            '
'total           '
];

i922350 = 1; iU235             = 1;
i922380 = 2; iU238             = 2;
iLOST    = 3;
iTOT     = 4;

MAT_un_VOLUME = [ 2.48218E+05 2.48218E+05 2.48218E+05 2.48218E+05 2.48218E+05 2.48218E+05 2.48218E+05 2.48218E+05 2.48218E+05 2.48218E+05 2.48218E+05 ];

MAT_un_BURNUP = [ 0.00000E+00 4.61816E+00 9.23633E+00 1.38545E+01 1.84727E+01 2.30908E+01 2.77090E+01 3.23272E+01 3.69453E+01 4.15635E+01 4.61817E+01 ];

MAT_un_ADENS = [
4.83387E-03 4.67925E-03 4.52871E-03 4.38187E-03 4.23848E-03 4.09833E-03 3.96125E-03 3.82714E-03 3.69590E-03 3.56745E-03 3.44175E-03 % U235
1.93936E-02 1.93402E-02 1.92855E-02 1.92297E-02 1.91728E-02 1.91147E-02 1.90555E-02 1.89951E-02 1.89336E-02 1.88710E-02 1.88073E-02 % U238
0.00000E+00 0.00000E+00 0.00000E+00 0.00000E+00 0.00000E+00 0.00000E+00 0.00000E+00 0.00000E+00 0.00000E+00 0.00000E+00 0.00000E+00 % lost data
7.26897E-02 7.28076E-02 7.29254E-02 7.30431E-02 7.31608E-02 7.32784E-02 7.33959E-02 7.35135E-02 7.36311E-02 7.37488E-02 7.38665E-02 % total
];

MAT_un_MDENS = [
1.88669E+00 1.82634E+00 1.76758E+00 1.71027E+00 1.65431E+00 1.59960E+00 1.54610E+00 1.49376E+00 1.44253E+00 1.39240E+00 1.34334E+00 % U235
7.66628E+00 7.64517E+00 7.62356E+00 7.60149E+00 7.57898E+00 7.55601E+00 7.53261E+00 7.50875E+00 7.48445E+00 7.45970E+00 7.43451E+00 % U238
0.00000E+00 0.00000E+00 0.00000E+00 0.00000E+00 0.00000E+00 0.00000E+00 0.00000E+00 0.00000E+00 0.00000E+00 0.00000E+00 0.00000E+00 % lost data
1.08000E+01 1.07998E+01 1.07997E+01 1.07995E+01 1.07994E+01 1.07992E+01 1.07991E+01 1.07989E+01 1.07988E+01 1.07987E+01 1.07986E+01 % total
];

MAT_un_A = [
3.74456E+10 3.62478E+10 3.50816E+10 3.39442E+10 3.28334E+10 3.17477E+10 3.06858E+10 2.96469E+10 2.86303E+10 2.76352E+10 2.66615E+10 % U235
2.36652E+10 2.36000E+10 2.35333E+10 2.34652E+10 2.33957E+10 2.33248E+10 2.32526E+10 2.31789E+10 2.31039E+10 2.30275E+10 2.29497E+10 % U238
0.00000E+00 0.00000E+00 0.00000E+00 0.00000E+00 0.00000E+00 0.00000E+00 0.00000E+00 0.00000E+00 0.00000E+00 0.00000E+00 0.00000E+00 % lost data
6.11107E+10 3.14376E+18 3.16321E+18 3.17787E+18 3.19129E+18 3.20454E+18 3.21859E+18 3.23290E+18 3.24775E+18 3.26320E+18 3.27887E+18 % total
];

MAT_un_H = [
2.80707E-02 2.71728E-02 2.62986E-02 2.54459E-02 2.46132E-02 2.37994E-02 2.30033E-02 2.22245E-02 2.14624E-02 2.07165E-02 1.99866E-02 % U235
1.61904E-02 1.61458E-02 1.61001E-02 1.60535E-02 1.60060E-02 1.59575E-02 1.59081E-02 1.58577E-02 1.58063E-02 1.57541E-02 1.57009E-02 % U238
0.00000E+00 0.00000E+00 0.00000E+00 0.00000E+00 0.00000E+00 0.00000E+00 0.00000E+00 0.00000E+00 0.00000E+00 0.00000E+00 0.00000E+00 % lost data
4.42611E-02 9.72795E+05 9.69958E+05 9.67500E+05 9.65280E+05 9.63325E+05 9.61774E+05 9.60445E+05 9.59402E+05 9.58640E+05 9.58037E+05 % total
];

MAT_un_SF = [
2.69608E+00 2.60984E+00 2.52588E+00 2.44398E+00 2.36400E+00 2.28583E+00 2.20938E+00 2.13458E+00 2.06138E+00 1.98974E+00 1.91963E+00 % U235
1.29212E+04 1.28856E+04 1.28492E+04 1.28120E+04 1.27740E+04 1.27353E+04 1.26959E+04 1.26557E+04 1.26147E+04 1.25730E+04 1.25306E+04 % U238
0.00000E+00 0.00000E+00 0.00000E+00 0.00000E+00 0.00000E+00 0.00000E+00 0.00000E+00 0.00000E+00 0.00000E+00 0.00000E+00 0.00000E+00 % lost data
1.29239E+04 7.79879E+04 5.43315E+05 2.21823E+06 6.14550E+06 1.33595E+07 2.47449E+07 4.10661E+07 6.30056E+07 9.10282E+07 1.25757E+08 % total
];

MAT_un_GSRC = [
4.73127E+10 4.57993E+10 4.43259E+10 4.28887E+10 4.14852E+10 4.01134E+10 3.87717E+10 3.74591E+10 3.61745E+10 3.49173E+10 3.36870E+10 % U235
2.09564E+09 2.08987E+09 2.08396E+09 2.07793E+09 2.07177E+09 2.06550E+09 2.05910E+09 2.05258E+09 2.04593E+09 2.03917E+09 2.03228E+09 % U238
0.00000E+00 0.00000E+00 0.00000E+00 0.00000E+00 0.00000E+00 0.00000E+00 0.00000E+00 0.00000E+00 0.00000E+00 0.00000E+00 0.00000E+00 % lost data
4.94083E+10 3.42118E+18 3.43014E+18 3.44107E+18 3.45213E+18 3.46327E+18 3.47528E+18 3.48749E+18 3.50012E+18 3.51329E+18 3.52657E+18 % total
];

MAT_un_ING_TOX = [
1.75994E+03 1.70365E+03 1.64884E+03 1.59538E+03 1.54317E+03 1.49214E+03 1.44223E+03 1.39340E+03 1.34562E+03 1.29886E+03 1.25309E+03 % U235
1.06493E+03 1.06200E+03 1.05900E+03 1.05593E+03 1.05281E+03 1.04962E+03 1.04637E+03 1.04305E+03 1.03968E+03 1.03624E+03 1.03274E+03 % U238
0.00000E+00 0.00000E+00 0.00000E+00 0.00000E+00 0.00000E+00 0.00000E+00 0.00000E+00 0.00000E+00 0.00000E+00 0.00000E+00 0.00000E+00 % lost data
2.82487E+03 1.53949E+09 1.62929E+09 1.70318E+09 1.77473E+09 1.84688E+09 1.92094E+09 1.99731E+09 2.07663E+09 2.15931E+09 2.24566E+09 % total
];

MAT_un_INH_TOX = [
3.18287E+05 3.08106E+05 2.98194E+05 2.88526E+05 2.79084E+05 2.69855E+05 2.60829E+05 2.51999E+05 2.43357E+05 2.34900E+05 2.26623E+05 % U235
1.89322E+05 1.88800E+05 1.88267E+05 1.87722E+05 1.87166E+05 1.86598E+05 1.86020E+05 1.85431E+05 1.84831E+05 1.84220E+05 1.83598E+05 % U238
0.00000E+00 0.00000E+00 0.00000E+00 0.00000E+00 0.00000E+00 0.00000E+00 0.00000E+00 0.00000E+00 0.00000E+00 0.00000E+00 0.00000E+00 % lost data
5.07609E+05 4.68096E+09 7.34048E+09 1.08717E+10 1.57588E+10 2.23185E+10 3.07951E+10 4.14017E+10 5.43336E+10 6.97504E+10 8.78097E+10 % total
];

TOT_VOLUME = [ 2.48218E+05 2.48218E+05 2.48218E+05 2.48218E+05 2.48218E+05 2.48218E+05 2.48218E+05 2.48218E+05 2.48218E+05 2.48218E+05 2.48218E+05 ];

TOT_BURNUP = [ 0.00000E+00 4.61816E+00 9.23633E+00 1.38545E+01 1.84727E+01 2.30908E+01 2.77090E+01 3.23272E+01 3.69453E+01 4.15635E+01 4.61817E+01 ];

TOT_ADENS = [
4.83387E-03 4.67925E-03 4.52871E-03 4.38187E-03 4.23848E-03 4.09833E-03 3.96125E-03 3.82714E-03 3.69590E-03 3.56745E-03 3.44175E-03 % U235
1.93936E-02 1.93402E-02 1.92855E-02 1.92297E-02 1.91728E-02 1.91147E-02 1.90555E-02 1.89951E-02 1.89336E-02 1.88710E-02 1.88073E-02 % U238
0.00000E+00 0.00000E+00 0.00000E+00 0.00000E+00 0.00000E+00 0.00000E+00 0.00000E+00 0.00000E+00 0.00000E+00 0.00000E+00 0.00000E+00 % lost data
7.26897E-02 7.28076E-02 7.29254E-02 7.30431E-02 7.31608E-02 7.32784E-02 7.33959E-02 7.35135E-02 7.36311E-02 7.37488E-02 7.38665E-02 % total
];

TOT_MASS = [
4.68309E+05 4.53329E+05 4.38745E+05 4.24520E+05 4.10628E+05 3.97050E+05 3.83769E+05 3.70776E+05 3.58062E+05 3.45618E+05 3.33440E+05 % U235
1.90291E+06 1.89767E+06 1.89230E+06 1.88682E+06 1.88123E+06 1.87553E+06 1.86973E+06 1.86380E+06 1.85777E+06 1.85163E+06 1.84537E+06 % U238
0.00000E+00 0.00000E+00 0.00000E+00 0.00000E+00 0.00000E+00 0.00000E+00 0.00000E+00 0.00000E+00 0.00000E+00 0.00000E+00 0.00000E+00 % lost data
2.68075E+06 2.68071E+06 2.68067E+06 2.68063E+06 2.68059E+06 2.68055E+06 2.68052E+06 2.68048E+06 2.68045E+06 2.68042E+06 2.68039E+06 % total
];

TOT_A = [
3.74456E+10 3.62478E+10 3.50816E+10 3.39442E+10 3.28334E+10 3.17477E+10 3.06858E+10 2.96469E+10 2.86303E+10 2.76352E+10 2.66615E+10 % U235
2.36652E+10 2.36000E+10 2.35333E+10 2.34652E+10 2.33957E+10 2.33248E+10 2.32526E+10 2.31789E+10 2.31039E+10 2.30275E+10 2.29497E+10 % U238
0.00000E+00 0.00000E+00 0.00000E+00 0.00000E+00 0.00000E+00 0.00000E+00 0.00000E+00 0.00000E+00 0.00000E+00 0.00000E+00 0.00000E+00 % lost data
6.11107E+10 3.14376E+18 3.16321E+18 3.17787E+18 3.19129E+18 3.20454E+18 3.21859E+18 3.23290E+18 3.24775E+18 3.26320E+18 3.27887E+18 % total
];

TOT_H = [
2.80707E-02 2.71728E-02 2.62986E-02 2.54459E-02 2.46132E-02 2.37994E-02 2.30033E-02 2.22245E-02 2.14624E-02 2.07165E-02 1.99866E-02 % U235
1.61904E-02 1.61458E-02 1.61001E-02 1.60535E-02 1.60060E-02 1.59575E-02 1.59081E-02 1.58577E-02 1.58063E-02 1.57541E-02 1.57009E-02 % U238
0.00000E+00 0.00000E+00 0.00000E+00 0.00000E+00 0.00000E+00 0.00000E+00 0.00000E+00 0.00000E+00 0.00000E+00 0.00000E+00 0.00000E+00 % lost data
4.42611E-02 9.72795E+05 9.69958E+05 9.67500E+05 9.65280E+05 9.63325E+05 9.61774E+05 9.60445E+05 9.59402E+05 9.58640E+05 9.58037E+05 % total
];

