
ZAI = [
922350
922380
666
0
];

NAMES = [
'U235            '
'U238            '
'lost            '
'total           '
];

i922350 = 1; iU235             = 1;
i922380 = 2; iU238             = 2;
iLOST    = 3;
iTOT     = 4;

MAT_un_VOLUME = [ 2.49142E+05 2.49142E+05 2.49142E+05 2.49142E+05 2.49142E+05 2.49142E+05 2.49142E+05 2.49142E+05 2.49142E+05 2.49142E+05 2.49142E+05 ];

MAT_un_BURNUP = [ 0.00000E+00 4.60103E+00 9.20207E+00 1.38031E+01 1.84041E+01 2.30051E+01 2.76062E+01 3.22072E+01 3.68082E+01 4.14092E+01 4.60103E+01 ];

MAT_un_ADENS = [
4.83387E-03 4.68063E-03 4.53132E-03 4.38563E-03 4.24327E-03 4.10407E-03 3.96785E-03 3.83451E-03 3.70397E-03 3.57613E-03 3.45096E-03 % U235
1.93936E-02 1.93429E-02 1.92909E-02 1.92379E-02 1.91838E-02 1.91288E-02 1.90727E-02 1.90156E-02 1.89574E-02 1.88983E-02 1.88381E-02 % U238
0.00000E+00 0.00000E+00 0.00000E+00 0.00000E+00 0.00000E+00 0.00000E+00 0.00000E+00 0.00000E+00 0.00000E+00 0.00000E+00 0.00000E+00 % lost data
7.26897E-02 7.28072E-02 7.29245E-02 7.30418E-02 7.31590E-02 7.32762E-02 7.33933E-02 7.35105E-02 7.36276E-02 7.37449E-02 7.38621E-02 % total
];

MAT_un_MDENS = [
1.88669E+00 1.82688E+00 1.76860E+00 1.71174E+00 1.65618E+00 1.60184E+00 1.54868E+00 1.49663E+00 1.44568E+00 1.39579E+00 1.34693E+00 % U235
7.66628E+00 7.64622E+00 7.62567E+00 7.60471E+00 7.58335E+00 7.56158E+00 7.53942E+00 7.51684E+00 7.49386E+00 7.47047E+00 7.44668E+00 % U238
0.00000E+00 0.00000E+00 0.00000E+00 0.00000E+00 0.00000E+00 0.00000E+00 0.00000E+00 0.00000E+00 0.00000E+00 0.00000E+00 0.00000E+00 % lost data
1.08000E+01 1.07998E+01 1.07997E+01 1.07995E+01 1.07993E+01 1.07992E+01 1.07990E+01 1.07989E+01 1.07988E+01 1.07986E+01 1.07985E+01 % total
];

MAT_un_A = [
3.75850E+10 3.63935E+10 3.52326E+10 3.40998E+10 3.29929E+10 3.19105E+10 3.08514E+10 2.98146E+10 2.87996E+10 2.78057E+10 2.68324E+10 % U235
2.37533E+10 2.36912E+10 2.36275E+10 2.35625E+10 2.34964E+10 2.34289E+10 2.33603E+10 2.32903E+10 2.32191E+10 2.31466E+10 2.30729E+10 % U238
0.00000E+00 0.00000E+00 0.00000E+00 0.00000E+00 0.00000E+00 0.00000E+00 0.00000E+00 0.00000E+00 0.00000E+00 0.00000E+00 0.00000E+00 % lost data
6.13383E+10 3.12399E+18 3.14337E+18 3.15691E+18 3.16935E+18 3.18194E+18 3.19454E+18 3.20813E+18 3.22164E+18 3.23621E+18 3.25024E+18 % total
];

MAT_un_H = [
2.81752E-02 2.72820E-02 2.64118E-02 2.55626E-02 2.47328E-02 2.39214E-02 2.31275E-02 2.23503E-02 2.15894E-02 2.08443E-02 2.01147E-02 % U235
1.62506E-02 1.62081E-02 1.61646E-02 1.61201E-02 1.60749E-02 1.60287E-02 1.59817E-02 1.59339E-02 1.58852E-02 1.58356E-02 1.57851E-02 % U238
0.00000E+00 0.00000E+00 0.00000E+00 0.00000E+00 0.00000E+00 0.00000E+00 0.00000E+00 0.00000E+00 0.00000E+00 0.00000E+00 0.00000E+00 % lost data
4.44259E-02 9.71420E+05 9.68710E+05 9.66247E+05 9.64050E+05 9.62125E+05 9.60486E+05 9.59178E+05 9.58060E+05 9.57273E+05 9.56565E+05 % total
];

MAT_un_SF = [
2.70612E+00 2.62033E+00 2.53675E+00 2.45518E+00 2.37549E+00 2.29756E+00 2.22130E+00 2.14665E+00 2.07357E+00 2.00201E+00 1.93193E+00 % U235
1.29693E+04 1.29354E+04 1.29006E+04 1.28651E+04 1.28290E+04 1.27922E+04 1.27547E+04 1.27165E+04 1.26776E+04 1.26381E+04 1.25978E+04 % U238
0.00000E+00 0.00000E+00 0.00000E+00 0.00000E+00 0.00000E+00 0.00000E+00 0.00000E+00 0.00000E+00 0.00000E+00 0.00000E+00 0.00000E+00 % lost data
1.29720E+04 7.51089E+04 5.10026E+05 2.06636E+06 5.72473E+06 1.24502E+07 2.31009E+07 3.84097E+07 5.89295E+07 8.52354E+07 1.17776E+08 % total
];

MAT_un_GSRC = [
4.74889E+10 4.59834E+10 4.45166E+10 4.30853E+10 4.16868E+10 4.03192E+10 3.89810E+10 3.76710E+10 3.63885E+10 3.51326E+10 3.39029E+10 % U235
2.10344E+09 2.09794E+09 2.09230E+09 2.08655E+09 2.08069E+09 2.07472E+09 2.06863E+09 2.06244E+09 2.05613E+09 2.04972E+09 2.04319E+09 % U238
0.00000E+00 0.00000E+00 0.00000E+00 0.00000E+00 0.00000E+00 0.00000E+00 0.00000E+00 0.00000E+00 0.00000E+00 0.00000E+00 0.00000E+00 % lost data
4.95923E+10 3.39711E+18 3.40591E+18 3.41544E+18 3.42527E+18 3.43560E+18 3.44593E+18 3.45728E+18 3.46841E+18 3.48063E+18 3.49203E+18 % total
];

MAT_un_ING_TOX = [
1.76650E+03 1.71049E+03 1.65593E+03 1.60269E+03 1.55067E+03 1.49979E+03 1.45002E+03 1.40129E+03 1.35358E+03 1.30687E+03 1.26112E+03 % U235
1.06890E+03 1.06610E+03 1.06324E+03 1.06031E+03 1.05734E+03 1.05430E+03 1.05121E+03 1.04806E+03 1.04486E+03 1.04160E+03 1.03828E+03 % U238
0.00000E+00 0.00000E+00 0.00000E+00 0.00000E+00 0.00000E+00 0.00000E+00 0.00000E+00 0.00000E+00 0.00000E+00 0.00000E+00 0.00000E+00 % lost data
2.83539E+03 1.53093E+09 1.62003E+09 1.69258E+09 1.76260E+09 1.83313E+09 1.90499E+09 1.97910E+09 2.05559E+09 2.13525E+09 2.21780E+09 % total
];

MAT_un_INH_TOX = [
3.19473E+05 3.09345E+05 2.99477E+05 2.89848E+05 2.80440E+05 2.71239E+05 2.62237E+05 2.53424E+05 2.44797E+05 2.36348E+05 2.28076E+05 % U235
1.90027E+05 1.89529E+05 1.89020E+05 1.88500E+05 1.87971E+05 1.87431E+05 1.86882E+05 1.86322E+05 1.85753E+05 1.85173E+05 1.84583E+05 % U238
0.00000E+00 0.00000E+00 0.00000E+00 0.00000E+00 0.00000E+00 0.00000E+00 0.00000E+00 0.00000E+00 0.00000E+00 0.00000E+00 0.00000E+00 % lost data
5.09499E+05 4.59618E+09 7.13525E+09 1.04657E+10 1.50552E+10 2.11965E+10 2.91212E+10 3.90316E+10 5.10960E+10 6.54706E+10 8.22978E+10 % total
];

TOT_VOLUME = [ 2.49142E+05 2.49142E+05 2.49142E+05 2.49142E+05 2.49142E+05 2.49142E+05 2.49142E+05 2.49142E+05 2.49142E+05 2.49142E+05 2.49142E+05 ];

TOT_BURNUP = [ 0.00000E+00 4.60103E+00 9.20207E+00 1.38031E+01 1.84041E+01 2.30051E+01 2.76062E+01 3.22072E+01 3.68082E+01 4.14092E+01 4.60103E+01 ];

TOT_ADENS = [
4.83387E-03 4.68063E-03 4.53132E-03 4.38563E-03 4.24327E-03 4.10407E-03 3.96785E-03 3.83451E-03 3.70397E-03 3.57613E-03 3.45096E-03 % U235
1.93936E-02 1.93429E-02 1.92909E-02 1.92379E-02 1.91838E-02 1.91288E-02 1.90727E-02 1.90156E-02 1.89574E-02 1.88983E-02 1.88381E-02 % U238
0.00000E+00 0.00000E+00 0.00000E+00 0.00000E+00 0.00000E+00 0.00000E+00 0.00000E+00 0.00000E+00 0.00000E+00 0.00000E+00 0.00000E+00 % lost data
7.26897E-02 7.28072E-02 7.29245E-02 7.30418E-02 7.31590E-02 7.32762E-02 7.33933E-02 7.35105E-02 7.36276E-02 7.37449E-02 7.38621E-02 % total
];

TOT_MASS = [
4.70053E+05 4.55152E+05 4.40633E+05 4.26466E+05 4.12623E+05 3.99086E+05 3.85840E+05 3.72874E+05 3.60180E+05 3.47749E+05 3.35577E+05 % U235
1.90999E+06 1.90499E+06 1.89987E+06 1.89465E+06 1.88933E+06 1.88391E+06 1.87838E+06 1.87276E+06 1.86703E+06 1.86121E+06 1.85528E+06 % U238
0.00000E+00 0.00000E+00 0.00000E+00 0.00000E+00 0.00000E+00 0.00000E+00 0.00000E+00 0.00000E+00 0.00000E+00 0.00000E+00 0.00000E+00 % lost data
2.69073E+06 2.69069E+06 2.69065E+06 2.69061E+06 2.69057E+06 2.69053E+06 2.69049E+06 2.69046E+06 2.69042E+06 2.69039E+06 2.69036E+06 % total
];

TOT_A = [
3.75850E+10 3.63935E+10 3.52326E+10 3.40998E+10 3.29929E+10 3.19105E+10 3.08514E+10 2.98146E+10 2.87996E+10 2.78057E+10 2.68324E+10 % U235
2.37533E+10 2.36912E+10 2.36275E+10 2.35625E+10 2.34964E+10 2.34289E+10 2.33603E+10 2.32903E+10 2.32191E+10 2.31466E+10 2.30729E+10 % U238
0.00000E+00 0.00000E+00 0.00000E+00 0.00000E+00 0.00000E+00 0.00000E+00 0.00000E+00 0.00000E+00 0.00000E+00 0.00000E+00 0.00000E+00 % lost data
6.13383E+10 3.12399E+18 3.14337E+18 3.15691E+18 3.16935E+18 3.18194E+18 3.19454E+18 3.20813E+18 3.22164E+18 3.23621E+18 3.25024E+18 % total
];

TOT_H = [
2.81752E-02 2.72820E-02 2.64118E-02 2.55626E-02 2.47328E-02 2.39214E-02 2.31275E-02 2.23503E-02 2.15894E-02 2.08443E-02 2.01147E-02 % U235
1.62506E-02 1.62081E-02 1.61646E-02 1.61201E-02 1.60749E-02 1.60287E-02 1.59817E-02 1.59339E-02 1.58852E-02 1.58356E-02 1.57851E-02 % U238
0.00000E+00 0.00000E+00 0.00000E+00 0.00000E+00 0.00000E+00 0.00000E+00 0.00000E+00 0.00000E+00 0.00000E+00 0.00000E+00 0.00000E+00 % lost data
4.44259E-02 9.71420E+05 9.68710E+05 9.66247E+05 9.64050E+05 9.62125E+05 9.60486E+05 9.59178E+05 9.58060E+05 9.57273E+05 9.56565E+05 % total
];

