
DETjout_at_outer = [
    1    1    1    1    1    1    1    1    1    1 -3.14463E+17 0.00152 
];

