
DETjout_at_outer = [
    1    1    1    1    1    1    1    1    1    1 -2.99788E+17 0.00139 
];

