
DETjout_at_outer = [
    1    1    1    1    1    1    1    1    1    1 -2.57451E+17 0.00143 
];

