
DETjout_at_outer = [
    1    1    1    1    1    1    1    1    1    1 -3.19477E+17 0.00143 
];

