
DETjout_at_outer = [
    1    1    1    1    1    1    1    1    1    1 -2.82150E+17 0.00132 
];

