
DETjout_at_outer = [
    1    1    1    1    1    1    1    1    1    1 -3.51244E+17 0.00124 
];

