
DETjout_at_outer = [
    1    1    1    1    1    1    1    1    1    1 -3.04416E+17 0.00138 
];

