
DETjout_at_outer = [
    1    1    1    1    1    1    1    1    1    1 -3.40773E+17 0.00133 
];

