
DETjout_at_outer = [
    1    1    1    1    1    1    1    1    1    1 -2.94288E+17 0.00136 
];

