
DETjout_at_outer = [
    1    1    1    1    1    1    1    1    1    1 -2.85709E+17 0.00128 
];

