
DETjout_at_outer = [
    1    1    1    1    1    1    1    1    1    1 -3.81909E+17 0.00150 
];

