
DETjout_at_outer = [
    1    1    1    1    1    1    1    1    1    1 -3.24404E+17 0.00125 
];

