
DETjout_at_outer = [
    1    1    1    1    1    1    1    1    1    1 -3.09080E+17 0.00140 
];

