
DETjout_at_outer = [
    1    1    1    1    1    1    1    1    1    1 -3.69706E+17 0.00135 
];

