
DETjout_at_outer = [
    1    1    1    1    1    1    1    1    1    1 -3.56906E+17 0.00136 
];

