
DETjout_at_outer = [
    1    1    1    1    1    1    1    1    1    1 -3.63749E+17 0.00130 
];

