
DETjout_at_outer = [
    1    1    1    1    1    1    1    1    1    1 -2.91140E+17 0.00156 
];

