
DETjout_at_outer = [
    1    1    1    1    1    1    1    1    1    1 -3.30305E+17 0.00152 
];

