
DETjout_at_outer = [
    1    1    1    1    1    1    1    1    1    1 -3.44891E+17 0.00129 
];

