
DETjout_at_outer = [
    1    1    1    1    1    1    1    1    1    1 -3.34593E+17 0.00135 
];

