
ZAI = [
666
0
];

NAMES = [
'lost            '
'total           '
];

iLOST    = 1;
iTOT     = 2;

MAT_fuel_VOLUME = [ 7.23499E-01 7.23499E-01 7.23499E-01 7.23499E-01 7.23499E-01 7.23499E-01 7.23499E-01 ];

MAT_fuel_BURNUP = [ 0.00000E+00 3.30013E+00 6.60026E+00 9.90040E+00 1.32006E+01 1.65007E+01 1.98009E+01 ];

MAT_fuel_ADENS = [
0.00000E+00 0.00000E+00 0.00000E+00 0.00000E+00 0.00000E+00 0.00000E+00 0.00000E+00 % lost data
7.04680E-02 7.05548E-02 7.06417E-02 7.07285E-02 7.08152E-02 7.09020E-02 7.09887E-02 % total
];

MAT_fuel_MDENS = [
0.00000E+00 0.00000E+00 0.00000E+00 0.00000E+00 0.00000E+00 0.00000E+00 0.00000E+00 % lost data
1.10000E+01 1.09998E+01 1.09997E+01 1.09995E+01 1.09993E+01 1.09992E+01 1.09990E+01 % total
];

MAT_fuel_A = [
0.00000E+00 0.00000E+00 0.00000E+00 0.00000E+00 0.00000E+00 0.00000E+00 0.00000E+00 % lost data
1.60143E+05 1.42103E+14 1.45207E+14 1.46677E+14 1.47635E+14 1.48338E+14 1.48840E+14 % total
];

MAT_fuel_H = [
0.00000E+00 0.00000E+00 0.00000E+00 0.00000E+00 0.00000E+00 0.00000E+00 0.00000E+00 % lost data
1.15103E-07 4.87077E+01 4.89306E+01 4.89354E+01 4.88966E+01 4.88425E+01 4.87795E+01 % total
];

MAT_fuel_SF = [
0.00000E+00 0.00000E+00 0.00000E+00 0.00000E+00 0.00000E+00 0.00000E+00 0.00000E+00 % lost data
4.12452E-02 9.23115E-02 2.60849E-01 5.66212E-01 1.07759E+00 1.93117E+00 3.33323E+00 % total
];

MAT_fuel_GSRC = [
0.00000E+00 0.00000E+00 0.00000E+00 0.00000E+00 0.00000E+00 0.00000E+00 0.00000E+00 % lost data
1.13599E+05 1.58968E+14 1.61087E+14 1.61827E+14 1.62264E+14 1.62587E+14 1.62791E+14 % total
];

MAT_fuel_ING_TOX = [
0.00000E+00 0.00000E+00 0.00000E+00 0.00000E+00 0.00000E+00 0.00000E+00 0.00000E+00 % lost data
7.37568E-03 5.64305E+04 6.21780E+04 6.47612E+04 6.65039E+04 6.78454E+04 6.89188E+04 % total
];

MAT_fuel_INH_TOX = [
0.00000E+00 0.00000E+00 0.00000E+00 0.00000E+00 0.00000E+00 0.00000E+00 0.00000E+00 % lost data
1.32345E+00 5.61586E+04 7.55940E+04 8.96520E+04 1.01493E+05 1.12202E+05 1.22320E+05 % total
];

TOT_VOLUME = [ 7.23499E-01 7.23499E-01 7.23499E-01 7.23499E-01 7.23499E-01 7.23499E-01 7.23499E-01 ];

TOT_BURNUP = [ 0.00000E+00 3.30013E+00 6.60026E+00 9.90040E+00 1.32006E+01 1.65007E+01 1.98009E+01 ];

TOT_ADENS = [
0.00000E+00 0.00000E+00 0.00000E+00 0.00000E+00 0.00000E+00 0.00000E+00 0.00000E+00 % lost data
7.04680E-02 7.05548E-02 7.06417E-02 7.07285E-02 7.08152E-02 7.09020E-02 7.09887E-02 % total
];

TOT_MASS = [
0.00000E+00 0.00000E+00 0.00000E+00 0.00000E+00 0.00000E+00 0.00000E+00 0.00000E+00 % lost data
7.95849E+00 7.95837E+00 7.95825E+00 7.95813E+00 7.95801E+00 7.95789E+00 7.95777E+00 % total
];

TOT_A = [
0.00000E+00 0.00000E+00 0.00000E+00 0.00000E+00 0.00000E+00 0.00000E+00 0.00000E+00 % lost data
1.60143E+05 1.42103E+14 1.45207E+14 1.46677E+14 1.47635E+14 1.48338E+14 1.48840E+14 % total
];

TOT_H = [
0.00000E+00 0.00000E+00 0.00000E+00 0.00000E+00 0.00000E+00 0.00000E+00 0.00000E+00 % lost data
1.15103E-07 4.87077E+01 4.89306E+01 4.89354E+01 4.88966E+01 4.88425E+01 4.87795E+01 % total
];

TOT_SF = [
0.00000E+00 0.00000E+00 0.00000E+00 0.00000E+00 0.00000E+00 0.00000E+00 0.00000E+00 % lost data
4.12452E-02 9.23115E-02 2.60849E-01 5.66212E-01 1.07759E+00 1.93117E+00 3.33323E+00 % total
];

TOT_GSRC = [
0.00000E+00 0.00000E+00 0.00000E+00 0.00000E+00 0.00000E+00 0.00000E+00 0.00000E+00 % lost data
1.13599E+05 1.58968E+14 1.61087E+14 1.61827E+14 1.62264E+14 1.62587E+14 1.62791E+14 % total
];

TOT_ING_TOX = [
0.00000E+00 0.00000E+00 0.00000E+00 0.00000E+00 0.00000E+00 0.00000E+00 0.00000E+00 % lost data
7.37568E-03 5.64305E+04 6.21780E+04 6.47612E+04 6.65039E+04 6.78454E+04 6.89188E+04 % total
];

TOT_INH_TOX = [
0.00000E+00 0.00000E+00 0.00000E+00 0.00000E+00 0.00000E+00 0.00000E+00 0.00000E+00 % lost data
1.32345E+00 5.61586E+04 7.55940E+04 8.96520E+04 1.01493E+05 1.12202E+05 1.22320E+05 % total
];

BU = [ 0.00000E+00 3.30000E+00 6.60000E+00 9.90000E+00 1.32000E+01 1.65000E+01 1.98000E+01 ];

DAYS = [ 0.00000E+00 3.00000E+01 6.00000E+01 9.00000E+01 1.20000E+02 1.50000E+02 1.80000E+02 ];
