
DETjin = [
    1    1    1    1    1    1    1    1    1    1  3.56545E+18 0.00060 
];


DETjout = [
    1    1    1    1    1    1    1    1    1    1 -3.93551E+18 0.00060 
];


DETjout_at_outer = [
    1    1    1    1    1    1    1    1    1    1 -3.01573E+17 0.00133 
];

