
DETjin = [
    1    1    1    1    1    1    1    1    1    1  3.53719E+18 0.00062 
];


DETjout = [
    1    1    1    1    1    1    1    1    1    1 -3.90420E+18 0.00063 
];


DETjout_at_outer = [
    1    1    1    1    1    1    1    1    1    1 -2.98340E+17 0.00151 
];

